>TCACCGACGCCT	14-AGGCGTCGGTGA	6.940432	-26.077524	0	T:35.0(19.66%),B:24.8(5.21%),P:1e-11
0.044	0.091	0.178	0.687
0.001	0.898	0.010	0.091
0.605	0.044	0.088	0.263
0.218	0.588	0.001	0.193
0.273	0.723	0.003	0.001
0.222	0.091	0.551	0.136
0.770	0.098	0.088	0.044
0.007	0.861	0.088	0.044
0.139	0.274	0.497	0.091
0.001	0.780	0.218	0.001
0.134	0.864	0.001	0.001
0.131	0.001	0.001	0.867
