>DWAAAAAGAAWD	16-DWAAAAAGAAWD	7.509591	-25.518914	0	T:10.0(5.62%),B:1.8(0.38%),P:1e-11
0.254	0.181	0.347	0.217
0.381	0.165	0.222	0.232
0.508	0.147	0.160	0.185
0.594	0.121	0.132	0.153
0.586	0.130	0.145	0.139
0.597	0.135	0.131	0.137
0.591	0.127	0.127	0.155
0.125	0.158	0.557	0.160
0.600	0.133	0.139	0.128
0.544	0.142	0.141	0.173
0.278	0.167	0.198	0.357
0.261	0.181	0.334	0.224
