>GCTGCTCTCAGG	3-CCTGAGAGCAGC	8.060900	-43.581524	0	T:15.0(8.43%),B:1.5(0.32%),P:1e-18
0.042	0.001	0.873	0.084
0.126	0.702	0.130	0.042
0.001	0.125	0.088	0.786
0.042	0.084	0.739	0.135
0.046	0.660	0.084	0.210
0.130	0.001	0.084	0.785
0.130	0.618	0.126	0.126
0.126	0.168	0.130	0.576
0.125	0.786	0.001	0.088
0.786	0.042	0.046	0.126
0.001	0.042	0.906	0.051
0.042	0.005	0.823	0.130
