>RCGTRSTGGWGV	20-BCWCCASYACGY	7.516067	-24.495909	0	T:12.0(6.74%),B:3.0(0.63%),P:1e-10
0.403	0.158	0.438	0.001
0.227	0.525	0.001	0.247
0.001	0.017	0.596	0.386
0.017	0.017	0.261	0.705
0.366	0.017	0.424	0.193
0.229	0.384	0.263	0.125
0.177	0.017	0.296	0.510
0.017	0.001	0.649	0.333
0.262	0.176	0.561	0.001
0.452	0.017	0.017	0.514
0.001	0.001	0.788	0.210
0.348	0.245	0.390	0.017
