>CCTGAGAGCAGC	3-CCTGAGAGCAGC,BestGuess:REI1/MA0364.1/Jaspar(0.558)	8.060900	-43.581524	0	T:15.0(8.43%),B:1.5(0.32%),P:1e-18
0.130	0.823	0.005	0.042
0.051	0.906	0.042	0.001
0.126	0.046	0.042	0.786
0.088	0.001	0.786	0.125
0.576	0.130	0.168	0.126
0.126	0.126	0.618	0.130
0.785	0.084	0.001	0.130
0.210	0.084	0.660	0.046
0.135	0.739	0.084	0.042
0.786	0.088	0.125	0.001
0.042	0.130	0.702	0.126
0.084	0.873	0.001	0.042
