>BCWCCASYACGY	20-BCWCCASYACGY,BestGuess:FHL1/FHL1_YPD/47-RAP1(Harbison)/Yeast(0.636)	7.516067	-24.495909	0	T:12.0(6.74%),B:3.0(0.63%),P:1e-10
0.017	0.390	0.245	0.348
0.210	0.788	0.001	0.001
0.514	0.017	0.017	0.452
0.001	0.561	0.176	0.262
0.333	0.649	0.001	0.017
0.510	0.296	0.017	0.177
0.125	0.263	0.384	0.229
0.193	0.424	0.017	0.366
0.705	0.261	0.017	0.017
0.386	0.596	0.017	0.001
0.247	0.001	0.525	0.227
0.001	0.438	0.158	0.403
