>TATATATATTAC	18-TATATATATTAC	11.216374	-25.518914	0	T:10.0(5.62%),B:1.7(0.35%),P:1e-11
0.050	0.025	0.075	0.850
0.749	0.025	0.075	0.151
0.024	0.001	0.001	0.974
0.850	0.025	0.050	0.075
0.054	0.050	0.025	0.871
0.900	0.050	0.025	0.025
0.001	0.049	0.001	0.949
0.924	0.001	0.025	0.050
0.075	0.104	0.050	0.771
0.053	0.001	0.125	0.821
0.721	0.125	0.100	0.054
0.104	0.645	0.075	0.176
