>AGGCGTCGGTGA	14-AGGCGTCGGTGA,BestGuess:RPH1/MA0372.1/Jaspar(0.610)	6.940432	-26.077524	0	T:35.0(19.66%),B:24.8(5.21%),P:1e-11
0.867	0.001	0.001	0.131
0.001	0.001	0.864	0.134
0.001	0.218	0.780	0.001
0.091	0.497	0.274	0.139
0.044	0.088	0.861	0.007
0.044	0.088	0.098	0.770
0.136	0.551	0.091	0.222
0.001	0.003	0.723	0.273
0.193	0.001	0.588	0.218
0.263	0.088	0.044	0.605
0.091	0.010	0.898	0.001
0.687	0.178	0.091	0.044
