>CTKCCCCCCTAA	1-CTKCCCCCCTAA	8.315698	-47.425087	0	T:16.0(8.99%),B:0.7(0.15%),P:1e-20	Tpos:203.8,Tstd:89.5,Bpos:236.0,Bstd:0.0,StrandBias:0.0,Multiplicity:1.00
0.110	0.888	0.001	0.001
0.001	0.221	0.001	0.777
0.001	0.222	0.444	0.333
0.110	0.888	0.001	0.001
0.001	0.888	0.001	0.110
0.001	0.888	0.110	0.001
0.001	0.997	0.001	0.001
0.001	0.666	0.111	0.222
0.001	0.888	0.001	0.110
0.001	0.001	0.110	0.888
0.997	0.001	0.001	0.001
0.997	0.001	0.001	0.001
>GCCATGCVGGGA	2-GCCATGCVGGGA	7.691176	-47.425087	0	T:16.0(8.99%),B:1.6(0.35%),P:1e-20	Tpos:124.6,Tstd:100.7,Bpos:361.0,Bstd:0.9,StrandBias:1.1,Multiplicity:1.00
0.001	0.001	0.997	0.001
0.001	0.886	0.001	0.112
0.338	0.660	0.001	0.001
0.965	0.033	0.001	0.001
0.226	0.113	0.113	0.548
0.353	0.113	0.533	0.001
0.259	0.739	0.001	0.001
0.240	0.387	0.260	0.113
0.034	0.001	0.852	0.113
0.001	0.001	0.886	0.112
0.001	0.001	0.997	0.001
0.886	0.001	0.001	0.112
>CCTGAGAGCAGC	3-CCTGAGAGCAGC	8.060900	-43.581524	0	T:15.0(8.43%),B:1.5(0.32%),P:1e-18	Tpos:162.6,Tstd:120.7,Bpos:251.0,Bstd:121.7,StrandBias:-0.6,Multiplicity:1.00
0.130	0.823	0.005	0.042
0.051	0.906	0.042	0.001
0.126	0.046	0.042	0.786
0.088	0.001	0.786	0.125
0.576	0.130	0.168	0.126
0.126	0.126	0.618	0.130
0.785	0.084	0.001	0.130
0.210	0.084	0.660	0.046
0.135	0.739	0.084	0.042
0.786	0.088	0.125	0.001
0.042	0.130	0.702	0.126
0.084	0.873	0.001	0.042
>GAGGGGGATAGT	4-GAGGGGGATAGT	8.899295	-36.110170	0	T:13.0(7.30%),B:1.6(0.35%),P:1e-15	Tpos:158.3,Tstd:102.2,Bpos:110.3,Bstd:92.0,StrandBias:1.3,Multiplicity:1.08
0.161	0.001	0.725	0.113
0.997	0.001	0.001	0.001
0.001	0.001	0.997	0.001
0.226	0.001	0.660	0.113
0.112	0.001	0.886	0.001
0.001	0.001	0.997	0.001
0.113	0.113	0.773	0.001
0.773	0.001	0.225	0.001
0.001	0.001	0.112	0.886
0.886	0.112	0.001	0.001
0.001	0.001	0.886	0.112
0.226	0.113	0.001	0.660
>GCCATCTCCAAA	5-GCCATCTCCAAA	9.474196	-36.110170	0	T:13.0(7.30%),B:1.4(0.30%),P:1e-15	Tpos:151.7,Tstd:75.2,Bpos:234.6,Bstd:64.9,StrandBias:0.0,Multiplicity:1.08
0.001	0.001	0.855	0.143
0.144	0.534	0.144	0.178
0.001	0.927	0.001	0.071
0.927	0.071	0.001	0.001
0.001	0.001	0.001	0.997
0.072	0.551	0.160	0.217
0.144	0.001	0.350	0.505
0.159	0.768	0.001	0.072
0.144	0.605	0.001	0.250
0.997	0.001	0.001	0.001
0.927	0.071	0.001	0.001
0.711	0.072	0.001	0.216
>TADGTSTAAGAC	6-TADGTSTAAGAC	10.111319	-32.491780	0	T:12.0(6.74%),B:1.5(0.32%),P:1e-14	Tpos:213.6,Tstd:110.2,Bpos:265.5,Bstd:73.2,StrandBias:-0.3,Multiplicity:1.17
0.146	0.001	0.001	0.852
0.660	0.001	0.001	0.338
0.240	0.113	0.387	0.260
0.001	0.001	0.886	0.112
0.001	0.001	0.001	0.997
0.113	0.435	0.451	0.001
0.225	0.001	0.001	0.773
0.739	0.001	0.001	0.259
0.997	0.001	0.001	0.001
0.001	0.225	0.773	0.001
0.997	0.001	0.001	0.001
0.112	0.886	0.001	0.001
>TAATCATAATCA	7-TAATCATAATCA	10.930101	-32.491780	0	T:12.0(6.74%),B:1.8(0.38%),P:1e-14	Tpos:159.0,Tstd:98.9,Bpos:211.1,Bstd:112.7,StrandBias:0.6,Multiplicity:1.25
0.001	0.001	0.001	0.997
0.872	0.126	0.001	0.001
0.847	0.001	0.001	0.151
0.001	0.126	0.001	0.872
0.001	0.850	0.127	0.022
0.872	0.126	0.001	0.001
0.302	0.001	0.127	0.570
0.722	0.001	0.276	0.001
0.872	0.126	0.001	0.001
0.001	0.001	0.126	0.872
0.023	0.700	0.127	0.150
0.997	0.001	0.001	0.001
>TDCCTCCCAATA	8-TDCCTCCCAATA	9.241589	-32.491780	0	T:12.0(6.74%),B:1.5(0.32%),P:1e-14	Tpos:209.2,Tstd:104.3,Bpos:232.8,Bstd:82.5,StrandBias:-0.5,Multiplicity:1.00
0.001	0.112	0.001	0.886
0.226	0.147	0.353	0.274
0.001	0.773	0.113	0.113
0.001	0.997	0.001	0.001
0.001	0.001	0.112	0.886
0.001	0.886	0.112	0.001
0.112	0.886	0.001	0.001
0.033	0.965	0.001	0.001
0.997	0.001	0.001	0.001
0.627	0.113	0.034	0.226
0.113	0.226	0.001	0.660
0.647	0.113	0.113	0.127
>MTCAGTCGTCTA	9-MTCAGTCGTCTA	9.543723	-32.491780	0	T:12.0(6.74%),B:1.2(0.26%),P:1e-14	Tpos:248.2,Tstd:105.7,Bpos:17.0,Bstd:0.0,StrandBias:0.7,Multiplicity:1.08
0.338	0.411	0.001	0.249
0.001	0.008	0.001	0.990
0.226	0.547	0.001	0.226
0.866	0.001	0.001	0.132
0.001	0.152	0.602	0.245
0.001	0.001	0.001	0.997
0.226	0.547	0.226	0.001
0.001	0.113	0.744	0.142
0.001	0.001	0.132	0.866
0.136	0.730	0.001	0.133
0.112	0.001	0.001	0.886
0.997	0.001	0.001	0.001
>AWTGWTTTTATT	10-AWTGWTTTTATT	11.391776	-30.426169	0	T:14.0(7.87%),B:2.8(0.58%),P:1e-13	Tpos:246.6,Tstd:110.3,Bpos:200.3,Bstd:92.1,StrandBias:-1.0,Multiplicity:1.07
0.695	0.001	0.203	0.101
0.339	0.220	0.001	0.440
0.001	0.001	0.001	0.997
0.001	0.001	0.997	0.001
0.524	0.001	0.001	0.474
0.001	0.101	0.001	0.897
0.001	0.001	0.101	0.897
0.001	0.001	0.001	0.997
0.001	0.001	0.001	0.997
0.997	0.001	0.001	0.001
0.219	0.001	0.001	0.779
0.118	0.001	0.101	0.780
>GGTATATAAAGA	11-GGTATATAAAGA	12.658203	-28.959083	0	T:11.0(6.18%),B:1.6(0.33%),P:1e-12	Tpos:273.3,Tstd:74.1,Bpos:175.8,Bstd:106.1,StrandBias:10.0,Multiplicity:1.09
0.291	0.001	0.493	0.215
0.001	0.001	0.997	0.001
0.001	0.001	0.001	0.997
0.997	0.001	0.001	0.001
0.001	0.001	0.001	0.997
0.997	0.001	0.001	0.001
0.001	0.001	0.001	0.997
0.997	0.001	0.001	0.001
0.853	0.001	0.001	0.145
0.853	0.001	0.145	0.001
0.173	0.001	0.680	0.146
0.707	0.146	0.146	0.001
>GCCACCTCGCGA	12-GCCACCTCGCGA	4.983566	-28.959083	0	T:11.0(6.18%),B:1.8(0.37%),P:1e-12	Tpos:114.9,Tstd:79.0,Bpos:255.7,Bstd:101.0,StrandBias:0.5,Multiplicity:1.09
0.001	0.001	0.997	0.001
0.166	0.667	0.166	0.001
0.001	0.832	0.166	0.001
0.997	0.001	0.001	0.001
0.001	0.832	0.166	0.001
0.166	0.832	0.001	0.001
0.001	0.166	0.166	0.667
0.001	0.667	0.166	0.166
0.001	0.001	0.997	0.001
0.001	0.997	0.001	0.001
0.001	0.166	0.832	0.001
0.997	0.001	0.001	0.001
>TATATAATATAC	13-TATATAATATAC	13.354157	-28.959083	0	T:11.0(6.18%),B:1.4(0.30%),P:1e-12	Tpos:230.5,Tstd:114.2,Bpos:256.3,Bstd:40.3,StrandBias:1.7,Multiplicity:1.00
0.001	0.001	0.001	0.997
0.997	0.001	0.001	0.001
0.001	0.001	0.001	0.997
0.997	0.001	0.001	0.001
0.001	0.094	0.001	0.904
0.904	0.001	0.001	0.094
0.809	0.095	0.095	0.001
0.001	0.001	0.001	0.997
0.997	0.001	0.001	0.001
0.095	0.095	0.001	0.809
0.904	0.094	0.001	0.001
0.237	0.761	0.001	0.001
>AGGCGTCGGTGA	14-AGGCGTCGGTGA	6.940432	-26.077524	0	T:35.0(19.66%),B:24.8(5.21%),P:1e-11	Tpos:197.5,Tstd:108.5,Bpos:204.6,Bstd:121.2,StrandBias:-0.6,Multiplicity:1.03
0.867	0.001	0.001	0.131
0.001	0.001	0.864	0.134
0.001	0.218	0.780	0.001
0.091	0.497	0.274	0.139
0.044	0.088	0.861	0.007
0.044	0.088	0.098	0.770
0.136	0.551	0.091	0.222
0.001	0.003	0.723	0.273
0.193	0.001	0.588	0.218
0.263	0.088	0.044	0.605
0.091	0.010	0.898	0.001
0.687	0.178	0.091	0.044
>CCTAATCCGCTT	15-CCTAATCCGCTT	10.291330	-25.518914	0	T:10.0(5.62%),B:1.9(0.39%),P:1e-11	Tpos:203.6,Tstd:104.9,Bpos:228.4,Bstd:42.9,StrandBias:1.4,Multiplicity:1.10
0.001	0.599	0.300	0.100
0.099	0.899	0.001	0.001
0.001	0.001	0.001	0.997
0.699	0.001	0.100	0.200
0.700	0.100	0.100	0.100
0.001	0.001	0.001	0.997
0.001	0.997	0.001	0.001
0.001	0.799	0.001	0.199
0.001	0.200	0.599	0.200
0.001	0.899	0.099	0.001
0.001	0.001	0.001	0.997
0.001	0.001	0.001	0.997
>DWAAAAAGAAWD	16-DWAAAAAGAAWD	7.509591	-25.518914	0	T:10.0(5.62%),B:1.8(0.38%),P:1e-11	Tpos:232.7,Tstd:119.6,Bpos:221.9,Bstd:85.1,StrandBias:-0.8,Multiplicity:1.10
0.254	0.181	0.347	0.217
0.381	0.165	0.222	0.232
0.508	0.147	0.160	0.185
0.594	0.121	0.132	0.153
0.586	0.130	0.145	0.139
0.597	0.135	0.131	0.137
0.591	0.127	0.127	0.155
0.125	0.158	0.557	0.160
0.600	0.133	0.139	0.128
0.544	0.142	0.141	0.173
0.278	0.167	0.198	0.357
0.261	0.181	0.334	0.224
>GCTAAGAGCCAA	17-GCTAAGAGCCAA	6.978301	-25.518914	0	T:10.0(5.62%),B:1.8(0.38%),P:1e-11	Tpos:156.6,Tstd:99.4,Bpos:138.0,Bstd:0.0,StrandBias:-0.8,Multiplicity:1.10
0.001	0.252	0.746	0.001
0.001	0.699	0.299	0.001
0.001	0.001	0.001	0.997
0.571	0.209	0.219	0.001
0.571	0.001	0.266	0.162
0.001	0.001	0.997	0.001
0.561	0.001	0.253	0.185
0.001	0.001	0.997	0.001
0.001	0.975	0.023	0.001
0.023	0.975	0.001	0.001
0.997	0.001	0.001	0.001
0.997	0.001	0.001	0.001
>TATATATATTAC	18-TATATATATTAC	11.216374	-25.518914	0	T:10.0(5.62%),B:1.7(0.35%),P:1e-11	Tpos:245.6,Tstd:81.6,Bpos:145.9,Bstd:98.9,StrandBias:-1.4,Multiplicity:1.00
0.050	0.025	0.075	0.850
0.749	0.025	0.075	0.151
0.024	0.001	0.001	0.974
0.850	0.025	0.050	0.075
0.054	0.050	0.025	0.871
0.900	0.050	0.025	0.025
0.001	0.049	0.001	0.949
0.924	0.001	0.025	0.050
0.075	0.104	0.050	0.771
0.053	0.001	0.125	0.821
0.721	0.125	0.100	0.054
0.104	0.645	0.075	0.176
>CAGACCATCCTT	19-CAGACCATCCTT	9.178647	-24.495909	0	T:12.0(6.74%),B:2.8(0.59%),P:1e-10	Tpos:181.7,Tstd:129.9,Bpos:357.0,Bstd:7.7,StrandBias:-0.4,Multiplicity:1.17
0.366	0.632	0.001	0.001
0.798	0.001	0.067	0.134
0.150	0.067	0.716	0.067
0.834	0.001	0.164	0.001
0.082	0.648	0.135	0.135
0.134	0.639	0.001	0.226
0.642	0.067	0.082	0.209
0.001	0.134	0.001	0.864
0.001	0.865	0.067	0.067
0.135	0.731	0.067	0.067
0.001	0.001	0.001	0.997
0.001	0.066	0.001	0.932
>BCWCCASYACGY	20-BCWCCASYACGY	7.516067	-24.495909	0	T:12.0(6.74%),B:3.0(0.63%),P:1e-10	Tpos:147.6,Tstd:106.5,Bpos:181.9,Bstd:39.4,StrandBias:1.0,Multiplicity:1.00
0.017	0.390	0.245	0.348
0.210	0.788	0.001	0.001
0.514	0.017	0.017	0.452
0.001	0.561	0.176	0.262
0.333	0.649	0.001	0.017
0.510	0.296	0.017	0.177
0.125	0.263	0.384	0.229
0.193	0.424	0.017	0.366
0.705	0.261	0.017	0.017
0.386	0.596	0.017	0.001
0.247	0.001	0.525	0.227
0.001	0.438	0.158	0.403
>TTTTTAGGTAAT	21-TTTTTAGGTAAT	8.877439	-24.495909	0	T:12.0(6.74%),B:2.7(0.57%),P:1e-10	Tpos:209.5,Tstd:89.7,Bpos:150.3,Bstd:143.7,StrandBias:2.5,Multiplicity:1.08
0.001	0.001	0.001	0.997
0.001	0.001	0.001	0.997
0.033	0.001	0.001	0.965
0.001	0.001	0.001	0.997
0.001	0.001	0.001	0.997
0.930	0.068	0.001	0.001
0.001	0.259	0.552	0.188
0.259	0.001	0.739	0.001
0.001	0.001	0.001	0.997
0.997	0.001	0.001	0.001
0.997	0.001	0.001	0.001
0.001	0.001	0.292	0.706
>GAAGGAAAAGGG	22-GAAGGAAAAGGG	10.409522	-16.259911	0	T:9.0(5.06%),B:2.0(0.42%),P:1e-7	Tpos:132.3,Tstd:85.2,Bpos:239.6,Bstd:97.3,StrandBias:1.0,Multiplicity:1.00
0.100	0.100	0.700	0.100
0.700	0.100	0.100	0.100
0.700	0.100	0.100	0.100
0.100	0.100	0.700	0.100
0.100	0.100	0.700	0.100
0.700	0.100	0.100	0.100
0.700	0.100	0.100	0.100
0.700	0.100	0.100	0.100
0.700	0.100	0.100	0.100
0.100	0.100	0.700	0.100
0.100	0.100	0.700	0.100
0.100	0.100	0.700	0.100
>TTTTTGTTTGGC	23-TTTTTGTTTGGC	10.409522	-12.929019	0	T:9.0(5.06%),B:3.9(0.81%),P:1e-5	Tpos:263.0,Tstd:73.3,Bpos:163.6,Bstd:135.9,StrandBias:-0.6,Multiplicity:1.11
0.100	0.100	0.100	0.700
0.100	0.100	0.100	0.700
0.100	0.100	0.100	0.700
0.100	0.100	0.100	0.700
0.100	0.100	0.100	0.700
0.100	0.100	0.700	0.100
0.100	0.100	0.100	0.700
0.100	0.100	0.100	0.700
0.100	0.100	0.100	0.700
0.100	0.100	0.700	0.100
0.100	0.100	0.700	0.100
0.100	0.700	0.100	0.100
>AAGAAACGAATT	24-AAGAAACGAATT	10.409522	-11.304590	0	T:7.0(3.93%),B:2.4(0.50%),P:1e-4	Tpos:215.0,Tstd:94.3,Bpos:200.6,Bstd:1.0,StrandBias:-2.8,Multiplicity:1.14
0.700	0.100	0.100	0.100
0.700	0.100	0.100	0.100
0.100	0.100	0.700	0.100
0.700	0.100	0.100	0.100
0.700	0.100	0.100	0.100
0.700	0.100	0.100	0.100
0.100	0.700	0.100	0.100
0.100	0.100	0.700	0.100
0.700	0.100	0.100	0.100
0.700	0.100	0.100	0.100
0.100	0.100	0.100	0.700
0.100	0.100	0.100	0.700
>CCCGACTCCCTC	25-CCCGACTCCCTC	9.820898	-10.657562	0	T:9.0(5.06%),B:4.4(0.91%),P:1e-4	Tpos:174.6,Tstd:102.7,Bpos:143.9,Bstd:30.7,StrandBias:0.3,Multiplicity:1.00
0.001	0.874	0.001	0.124
0.001	0.749	0.001	0.249
0.124	0.874	0.001	0.001
0.001	0.001	0.874	0.124
0.874	0.001	0.124	0.001
0.124	0.874	0.001	0.001
0.125	0.125	0.001	0.749
0.001	0.997	0.001	0.001
0.001	0.997	0.001	0.001
0.124	0.874	0.001	0.001
0.125	0.001	0.125	0.749
0.001	0.749	0.125	0.125
