>GTCCCCCTCA	1-GTCCCCCTCA	8.312059	-59.986329	0	T:30.0(16.85%),B:5.7(1.19%),P:1e-26	Tpos:160.1,Tstd:88.3,Bpos:189.3,Bstd:120.8,StrandBias:1.2,Multiplicity:1.00
0.140	0.296	0.498	0.067
0.292	0.135	0.001	0.572
0.356	0.642	0.001	0.001
0.001	0.997	0.001	0.001
0.001	0.997	0.001	0.001
0.135	0.729	0.001	0.135
0.135	0.796	0.001	0.068
0.001	0.001	0.001	0.997
0.067	0.753	0.089	0.091
0.795	0.001	0.001	0.203
>TTACGTAATV	2-TTACGTAATV	9.579275	-47.425087	0	T:16.0(8.99%),B:1.8(0.38%),P:1e-20	Tpos:188.4,Tstd:85.4,Bpos:220.9,Bstd:58.3,StrandBias:0.2,Multiplicity:1.06
0.001	0.373	0.001	0.625
0.001	0.001	0.001	0.997
0.997	0.001	0.001	0.001
0.001	0.883	0.107	0.009
0.001	0.001	0.997	0.001
0.001	0.001	0.001	0.997
0.997	0.001	0.001	0.001
0.892	0.001	0.001	0.106
0.107	0.001	0.214	0.678
0.273	0.374	0.353	0.001
>CATACATCRT	3-CATACATCRT	9.525354	-43.581524	0	T:15.0(8.43%),B:1.8(0.38%),P:1e-18	Tpos:149.1,Tstd:107.3,Bpos:239.4,Bstd:10.5,StrandBias:1.0,Multiplicity:1.00
0.001	0.997	0.001	0.001
0.997	0.001	0.001	0.001
0.001	0.001	0.001	0.997
0.997	0.001	0.001	0.001
0.001	0.997	0.001	0.001
0.456	0.001	0.259	0.284
0.001	0.001	0.001	0.997
0.113	0.885	0.001	0.001
0.418	0.001	0.322	0.259
0.001	0.001	0.001	0.997
>CAGGGGGCTG	4-CAGGGGGCTG	8.349791	-43.581524	0	T:15.0(8.43%),B:1.8(0.38%),P:1e-18	Tpos:150.2,Tstd:75.2,Bpos:105.9,Bstd:56.7,StrandBias:-0.4,Multiplicity:1.07
0.114	0.701	0.184	0.001
0.997	0.001	0.001	0.001
0.048	0.092	0.768	0.092
0.001	0.001	0.997	0.001
0.001	0.183	0.815	0.001
0.190	0.001	0.625	0.184
0.001	0.001	0.815	0.183
0.001	0.809	0.001	0.189
0.001	0.001	0.205	0.793
0.112	0.001	0.775	0.112
>ATGCCCCAAT	5-ATGCCCCAAT	9.099065	-39.808426	0	T:14.0(7.87%),B:0.7(0.14%),P:1e-17	Tpos:154.6,Tstd:102.7,Bpos:207.0,Bstd:0.0,StrandBias:0.0,Multiplicity:1.00
0.997	0.001	0.001	0.001
0.001	0.001	0.001	0.997
0.001	0.001	0.997	0.001
0.001	0.997	0.001	0.001
0.001	0.649	0.001	0.349
0.001	0.997	0.001	0.001
0.349	0.649	0.001	0.001
0.892	0.001	0.001	0.106
0.913	0.043	0.001	0.043
0.001	0.001	0.001	0.997
>TCTCCGCTTT	6-TCTCCGCTTT	10.310779	-39.808426	0	T:14.0(7.87%),B:0.7(0.14%),P:1e-17	Tpos:171.8,Tstd:99.4,Bpos:270.0,Bstd:0.0,StrandBias:1.0,Multiplicity:1.07
0.001	0.001	0.001	0.997
0.077	0.921	0.001	0.001
0.001	0.001	0.001	0.997
0.001	0.872	0.001	0.126
0.001	0.872	0.126	0.001
0.001	0.127	0.745	0.127
0.126	0.872	0.001	0.001
0.001	0.126	0.001	0.872
0.001	0.001	0.126	0.872
0.001	0.001	0.001	0.997
>TGANGTMACT	7-TGANGTMACT	9.126080	-36.655452	0	T:16.0(8.99%),B:2.9(0.62%),P:1e-15	Tpos:207.1,Tstd:106.1,Bpos:164.3,Bstd:81.3,StrandBias:-1.1,Multiplicity:1.00
0.001	0.001	0.029	0.969
0.029	0.001	0.969	0.001
0.997	0.001	0.001	0.001
0.353	0.235	0.206	0.206
0.001	0.001	0.997	0.001
0.001	0.001	0.001	0.997
0.440	0.558	0.001	0.001
0.997	0.001	0.001	0.001
0.205	0.793	0.001	0.001
0.001	0.234	0.001	0.764
>AGGGCAGGGC	8-AGGGCAGGGC	7.509713	-36.655452	0	T:16.0(8.99%),B:3.0(0.62%),P:1e-15	Tpos:130.2,Tstd:102.3,Bpos:140.2,Bstd:67.0,StrandBias:0.2,Multiplicity:1.06
0.997	0.001	0.001	0.001
0.232	0.001	0.766	0.001
0.001	0.101	0.897	0.001
0.001	0.203	0.695	0.101
0.001	0.884	0.001	0.114
0.997	0.001	0.001	0.001
0.001	0.001	0.897	0.101
0.001	0.001	0.766	0.232
0.001	0.202	0.796	0.001
0.030	0.665	0.102	0.203
>AGCGGAATAG	9-AGCGGAATAG	9.103807	-32.491780	0	T:12.0(6.74%),B:1.7(0.35%),P:1e-14	Tpos:180.2,Tstd:112.9,Bpos:375.7,Bstd:14.9,StrandBias:-0.5,Multiplicity:1.00
0.997	0.001	0.001	0.001
0.001	0.001	0.997	0.001
0.132	0.866	0.001	0.001
0.001	0.001	0.997	0.001
0.001	0.332	0.666	0.001
0.866	0.001	0.001	0.132
0.866	0.001	0.001	0.132
0.001	0.001	0.001	0.997
0.997	0.001	0.001	0.001
0.132	0.001	0.866	0.001
>CCGTTGAATG	10-CCGTTGAATG	8.265942	-32.491780	0	T:12.0(6.74%),B:1.7(0.35%),P:1e-14	Tpos:190.2,Tstd:99.8,Bpos:152.9,Bstd:22.7,StrandBias:0.0,Multiplicity:1.09
0.043	0.875	0.039	0.043
0.154	0.764	0.001	0.081
0.116	0.116	0.725	0.043
0.038	0.001	0.116	0.845
0.001	0.038	0.077	0.884
0.155	0.081	0.725	0.039
0.845	0.077	0.039	0.039
0.807	0.077	0.039	0.077
0.001	0.042	0.116	0.841
0.001	0.120	0.725	0.154
>TTGKCCCTTW	11-TTGKCCCTTW	8.167191	-30.488982	0	T:16.0(8.99%),B:3.8(0.79%),P:1e-13	Tpos:157.9,Tstd:126.2,Bpos:248.9,Bstd:65.5,StrandBias:0.5,Multiplicity:1.06
0.207	0.001	0.088	0.704
0.088	0.062	0.142	0.708
0.116	0.173	0.529	0.182
0.199	0.191	0.372	0.239
0.061	0.802	0.136	0.001
0.088	0.859	0.001	0.052
0.001	0.814	0.035	0.150
0.053	0.260	0.062	0.625
0.101	0.156	0.106	0.637
0.422	0.018	0.114	0.446
>GTCTTAGACC	12-GTCTTAGACC	8.293752	-27.745261	0	T:15.0(8.43%),B:3.5(0.73%),P:1e-12	Tpos:215.3,Tstd:105.1,Bpos:152.1,Bstd:130.9,StrandBias:-0.4,Multiplicity:1.00
0.001	0.011	0.977	0.011
0.112	0.001	0.001	0.886
0.237	0.504	0.135	0.124
0.001	0.113	0.113	0.773
0.238	0.001	0.001	0.760
0.751	0.135	0.001	0.113
0.001	0.001	0.997	0.001
0.875	0.011	0.001	0.113
0.123	0.763	0.001	0.113
0.145	0.736	0.001	0.118
>CCCCTGGAGT	13-CCCCTGGAGT	9.040727	-27.421257	0	T:13.0(7.30%),B:2.8(0.59%),P:1e-11	Tpos:93.7,Tstd:67.4,Bpos:161.4,Bstd:103.4,StrandBias:-0.2,Multiplicity:1.00
0.061	0.868	0.001	0.070
0.070	0.859	0.001	0.070
0.001	0.938	0.060	0.001
0.061	0.877	0.001	0.061
0.061	0.061	0.001	0.877
0.001	0.001	0.938	0.060
0.070	0.275	0.594	0.061
0.869	0.009	0.061	0.061
0.061	0.061	0.572	0.306
0.122	0.001	0.214	0.663
>CCTCACCCCT	14-CCTCACCCCT	10.667524	-27.421257	0	T:13.0(7.30%),B:2.7(0.57%),P:1e-11	Tpos:168.8,Tstd:99.9,Bpos:248.5,Bstd:156.1,StrandBias:0.0,Multiplicity:1.00
0.001	0.881	0.001	0.117
0.117	0.881	0.001	0.001
0.001	0.117	0.001	0.881
0.001	0.997	0.001	0.001
0.588	0.294	0.001	0.117
0.001	0.997	0.001	0.001
0.001	0.997	0.001	0.001
0.001	0.881	0.001	0.117
0.001	0.997	0.001	0.001
0.001	0.001	0.117	0.881
>TAGTGATTAC	15-TAGTGATTAC	8.922296	-27.421257	0	T:13.0(7.30%),B:2.5(0.52%),P:1e-11	Tpos:221.8,Tstd:119.9,Bpos:161.3,Bstd:83.5,StrandBias:0.2,Multiplicity:1.00
0.001	0.001	0.001	0.997
0.915	0.001	0.001	0.083
0.001	0.083	0.915	0.001
0.001	0.168	0.168	0.663
0.055	0.001	0.943	0.001
0.915	0.001	0.001	0.083
0.083	0.001	0.001	0.915
0.040	0.001	0.369	0.590
0.831	0.084	0.001	0.084
0.001	0.915	0.083	0.001
>CGTCTTTCGC	16-CGTCTTTCGC	9.285012	-25.518914	0	T:10.0(5.62%),B:0.0(0.00%),P:1e-11	Tpos:171.1,Tstd:87.2,Bpos:0.0,Bstd:0.0,StrandBias:0.6,Multiplicity:1.00
0.001	0.997	0.001	0.001
0.001	0.124	0.874	0.001
0.001	0.125	0.125	0.749
0.001	0.997	0.001	0.001
0.001	0.001	0.001	0.997
0.001	0.001	0.001	0.997
0.001	0.001	0.001	0.997
0.001	0.874	0.001	0.124
0.125	0.125	0.749	0.001
0.001	0.874	0.001	0.124
>TGGGCTAAGA	17-TGGGCTAAGA	8.187291	-22.958413	0	T:16.0(8.99%),B:5.5(1.16%),P:1e-9	Tpos:158.2,Tstd:82.1,Bpos:236.8,Bstd:76.3,StrandBias:0.0,Multiplicity:1.00
0.079	0.003	0.001	0.917
0.043	0.122	0.658	0.177
0.079	0.201	0.641	0.079
0.039	0.043	0.879	0.039
0.083	0.839	0.039	0.039
0.083	0.217	0.039	0.661
0.802	0.001	0.079	0.118
0.921	0.039	0.039	0.001
0.079	0.043	0.760	0.118
0.959	0.001	0.039	0.001
>GATTGTGATT	18-GATTGTGATT	8.213528	-22.179399	0	T:9.0(5.06%),B:0.9(0.18%),P:1e-9	Tpos:136.1,Tstd:89.2,Bpos:69.0,Bstd:0.0,StrandBias:-3.6,Multiplicity:1.44
0.128	0.098	0.629	0.145
0.654	0.085	0.099	0.162
0.124	0.046	0.107	0.723
0.143	0.057	0.076	0.724
0.099	0.092	0.681	0.128
0.099	0.062	0.065	0.774
0.101	0.120	0.648	0.131
0.648	0.097	0.098	0.157
0.099	0.047	0.062	0.792
0.104	0.086	0.081	0.729
>TTGCCTCACA	19-TTGCCTCACA	8.350283	-22.179399	0	T:9.0(5.06%),B:0.7(0.14%),P:1e-9	Tpos:163.0,Tstd:124.7,Bpos:18.0,Bstd:0.0,StrandBias:1.0,Multiplicity:1.00
0.100	0.100	0.100	0.700
0.100	0.100	0.100	0.700
0.100	0.100	0.700	0.100
0.100	0.700	0.100	0.100
0.100	0.700	0.100	0.100
0.100	0.100	0.100	0.700
0.100	0.700	0.100	0.100
0.700	0.100	0.100	0.100
0.100	0.700	0.100	0.100
0.700	0.100	0.100	0.100
>CCGAGCGGGG	20-CCGAGCGGGG	7.145772	-22.179399	0	T:9.0(5.06%),B:1.4(0.30%),P:1e-9	Tpos:115.0,Tstd:48.5,Bpos:198.0,Bstd:0.0,StrandBias:-0.3,Multiplicity:1.12
0.099	0.660	0.113	0.128
0.106	0.682	0.078	0.134
0.128	0.057	0.722	0.093
0.640	0.106	0.127	0.127
0.099	0.056	0.774	0.071
0.149	0.595	0.107	0.149
0.127	0.064	0.766	0.043
0.113	0.078	0.753	0.056
0.127	0.120	0.626	0.127
0.064	0.085	0.788	0.063
>ACCAGCTACA	21-ACCAGCTACA	8.314925	-21.655875	0	T:11.0(6.18%),B:2.4(0.51%),P:1e-9	Tpos:266.5,Tstd:120.6,Bpos:323.2,Bstd:49.6,StrandBias:1.4,Multiplicity:1.00
0.773	0.032	0.065	0.130
0.130	0.639	0.101	0.130
0.069	0.801	0.065	0.065
0.967	0.001	0.001	0.031
0.134	0.065	0.736	0.065
0.065	0.773	0.065	0.097
0.069	0.065	0.032	0.834
0.837	0.001	0.097	0.065
0.130	0.769	0.032	0.069
0.900	0.036	0.032	0.032
>CTCCCCAGCT	22-CTCCCCAGCT	8.752912	-21.655875	0	T:11.0(6.18%),B:3.0(0.62%),P:1e-9	Tpos:101.4,Tstd:94.4,Bpos:277.2,Bstd:118.4,StrandBias:2.6,Multiplicity:1.27
0.001	0.872	0.001	0.126
0.001	0.018	0.127	0.854
0.154	0.827	0.001	0.018
0.001	0.696	0.302	0.001
0.129	0.616	0.001	0.254
0.018	0.980	0.001	0.001
0.997	0.001	0.001	0.001
0.254	0.001	0.744	0.001
0.146	0.726	0.127	0.001
0.254	0.001	0.018	0.727
>GACGAGCCAA	23-GACGAGCCAA	8.350283	-18.907883	0	T:10.0(5.62%),B:2.7(0.57%),P:1e-8	Tpos:196.4,Tstd:57.6,Bpos:129.8,Bstd:61.2,StrandBias:-0.6,Multiplicity:1.00
0.100	0.100	0.700	0.100
0.700	0.100	0.100	0.100
0.100	0.700	0.100	0.100
0.100	0.100	0.700	0.100
0.700	0.100	0.100	0.100
0.100	0.100	0.700	0.100
0.100	0.700	0.100	0.100
0.100	0.700	0.100	0.100
0.700	0.100	0.100	0.100
0.700	0.100	0.100	0.100
>CGTTAATCTC	24-CGTTAATCTC	8.350283	-18.907883	0	T:10.0(5.62%),B:2.6(0.54%),P:1e-8	Tpos:211.5,Tstd:113.2,Bpos:279.5,Bstd:33.5,StrandBias:1.2,Multiplicity:1.00
0.100	0.700	0.100	0.100
0.100	0.100	0.700	0.100
0.100	0.100	0.100	0.700
0.100	0.100	0.100	0.700
0.700	0.100	0.100	0.100
0.700	0.100	0.100	0.100
0.100	0.100	0.100	0.700
0.100	0.700	0.100	0.100
0.100	0.100	0.100	0.700
0.100	0.700	0.100	0.100
>CAGGGGTAAA	25-CAGGGGTAAA	7.828185	-16.475674	0	T:13.0(7.30%),B:5.3(1.12%),P:1e-7	Tpos:210.0,Tstd:103.1,Bpos:165.6,Bstd:71.7,StrandBias:0.8,Multiplicity:1.00
0.201	0.588	0.078	0.133
0.755	0.057	0.094	0.094
0.157	0.069	0.672	0.102
0.103	0.102	0.697	0.098
0.125	0.096	0.664	0.115
0.161	0.082	0.625	0.132
0.090	0.110	0.134	0.666
0.798	0.057	0.088	0.057
0.761	0.061	0.098	0.080
0.779	0.094	0.041	0.086
>CTKCCCCCCTAA	1-CTKCCCCCCTAA	8.315698	-47.425087	0	T:16.0(8.99%),B:0.7(0.15%),P:1e-20	Tpos:203.8,Tstd:89.5,Bpos:236.0,Bstd:0.0,StrandBias:0.0,Multiplicity:1.00
0.110	0.888	0.001	0.001
0.001	0.221	0.001	0.777
0.001	0.222	0.444	0.333
0.110	0.888	0.001	0.001
0.001	0.888	0.001	0.110
0.001	0.888	0.110	0.001
0.001	0.997	0.001	0.001
0.001	0.666	0.111	0.222
0.001	0.888	0.001	0.110
0.001	0.001	0.110	0.888
0.997	0.001	0.001	0.001
0.997	0.001	0.001	0.001
>GCCATGCVGGGA	2-GCCATGCVGGGA	7.691176	-47.425087	0	T:16.0(8.99%),B:1.6(0.35%),P:1e-20	Tpos:124.6,Tstd:100.7,Bpos:361.0,Bstd:0.9,StrandBias:1.1,Multiplicity:1.00
0.001	0.001	0.997	0.001
0.001	0.886	0.001	0.112
0.338	0.660	0.001	0.001
0.965	0.033	0.001	0.001
0.226	0.113	0.113	0.548
0.353	0.113	0.533	0.001
0.259	0.739	0.001	0.001
0.240	0.387	0.260	0.113
0.034	0.001	0.852	0.113
0.001	0.001	0.886	0.112
0.001	0.001	0.997	0.001
0.886	0.001	0.001	0.112
>CCTGAGAGCAGC	3-CCTGAGAGCAGC	8.060900	-43.581524	0	T:15.0(8.43%),B:1.5(0.32%),P:1e-18	Tpos:162.6,Tstd:120.7,Bpos:251.0,Bstd:121.7,StrandBias:-0.6,Multiplicity:1.00
0.130	0.823	0.005	0.042
0.051	0.906	0.042	0.001
0.126	0.046	0.042	0.786
0.088	0.001	0.786	0.125
0.576	0.130	0.168	0.126
0.126	0.126	0.618	0.130
0.785	0.084	0.001	0.130
0.210	0.084	0.660	0.046
0.135	0.739	0.084	0.042
0.786	0.088	0.125	0.001
0.042	0.130	0.702	0.126
0.084	0.873	0.001	0.042
>GAGGGGGATAGT	4-GAGGGGGATAGT	8.899295	-36.110170	0	T:13.0(7.30%),B:1.6(0.35%),P:1e-15	Tpos:158.3,Tstd:102.2,Bpos:110.3,Bstd:92.0,StrandBias:1.3,Multiplicity:1.08
0.161	0.001	0.725	0.113
0.997	0.001	0.001	0.001
0.001	0.001	0.997	0.001
0.226	0.001	0.660	0.113
0.112	0.001	0.886	0.001
0.001	0.001	0.997	0.001
0.113	0.113	0.773	0.001
0.773	0.001	0.225	0.001
0.001	0.001	0.112	0.886
0.886	0.112	0.001	0.001
0.001	0.001	0.886	0.112
0.226	0.113	0.001	0.660
>GCCATCTCCAAA	5-GCCATCTCCAAA	9.474196	-36.110170	0	T:13.0(7.30%),B:1.4(0.30%),P:1e-15	Tpos:151.7,Tstd:75.2,Bpos:234.6,Bstd:64.9,StrandBias:0.0,Multiplicity:1.08
0.001	0.001	0.855	0.143
0.144	0.534	0.144	0.178
0.001	0.927	0.001	0.071
0.927	0.071	0.001	0.001
0.001	0.001	0.001	0.997
0.072	0.551	0.160	0.217
0.144	0.001	0.350	0.505
0.159	0.768	0.001	0.072
0.144	0.605	0.001	0.250
0.997	0.001	0.001	0.001
0.927	0.071	0.001	0.001
0.711	0.072	0.001	0.216
>TADGTSTAAGAC	6-TADGTSTAAGAC	10.111319	-32.491780	0	T:12.0(6.74%),B:1.5(0.32%),P:1e-14	Tpos:213.6,Tstd:110.2,Bpos:265.5,Bstd:73.2,StrandBias:-0.3,Multiplicity:1.17
0.146	0.001	0.001	0.852
0.660	0.001	0.001	0.338
0.240	0.113	0.387	0.260
0.001	0.001	0.886	0.112
0.001	0.001	0.001	0.997
0.113	0.435	0.451	0.001
0.225	0.001	0.001	0.773
0.739	0.001	0.001	0.259
0.997	0.001	0.001	0.001
0.001	0.225	0.773	0.001
0.997	0.001	0.001	0.001
0.112	0.886	0.001	0.001
>TAATCATAATCA	7-TAATCATAATCA	10.930101	-32.491780	0	T:12.0(6.74%),B:1.8(0.38%),P:1e-14	Tpos:159.0,Tstd:98.9,Bpos:211.1,Bstd:112.7,StrandBias:0.6,Multiplicity:1.25
0.001	0.001	0.001	0.997
0.872	0.126	0.001	0.001
0.847	0.001	0.001	0.151
0.001	0.126	0.001	0.872
0.001	0.850	0.127	0.022
0.872	0.126	0.001	0.001
0.302	0.001	0.127	0.570
0.722	0.001	0.276	0.001
0.872	0.126	0.001	0.001
0.001	0.001	0.126	0.872
0.023	0.700	0.127	0.150
0.997	0.001	0.001	0.001
>TDCCTCCCAATA	8-TDCCTCCCAATA	9.241589	-32.491780	0	T:12.0(6.74%),B:1.5(0.32%),P:1e-14	Tpos:209.2,Tstd:104.3,Bpos:232.8,Bstd:82.5,StrandBias:-0.5,Multiplicity:1.00
0.001	0.112	0.001	0.886
0.226	0.147	0.353	0.274
0.001	0.773	0.113	0.113
0.001	0.997	0.001	0.001
0.001	0.001	0.112	0.886
0.001	0.886	0.112	0.001
0.112	0.886	0.001	0.001
0.033	0.965	0.001	0.001
0.997	0.001	0.001	0.001
0.627	0.113	0.034	0.226
0.113	0.226	0.001	0.660
0.647	0.113	0.113	0.127
>MTCAGTCGTCTA	9-MTCAGTCGTCTA	9.543723	-32.491780	0	T:12.0(6.74%),B:1.2(0.26%),P:1e-14	Tpos:248.2,Tstd:105.7,Bpos:17.0,Bstd:0.0,StrandBias:0.7,Multiplicity:1.08
0.338	0.411	0.001	0.249
0.001	0.008	0.001	0.990
0.226	0.547	0.001	0.226
0.866	0.001	0.001	0.132
0.001	0.152	0.602	0.245
0.001	0.001	0.001	0.997
0.226	0.547	0.226	0.001
0.001	0.113	0.744	0.142
0.001	0.001	0.132	0.866
0.136	0.730	0.001	0.133
0.112	0.001	0.001	0.886
0.997	0.001	0.001	0.001
>AWTGWTTTTATT	10-AWTGWTTTTATT	11.391776	-30.426169	0	T:14.0(7.87%),B:2.8(0.58%),P:1e-13	Tpos:246.6,Tstd:110.3,Bpos:200.3,Bstd:92.1,StrandBias:-1.0,Multiplicity:1.07
0.695	0.001	0.203	0.101
0.339	0.220	0.001	0.440
0.001	0.001	0.001	0.997
0.001	0.001	0.997	0.001
0.524	0.001	0.001	0.474
0.001	0.101	0.001	0.897
0.001	0.001	0.101	0.897
0.001	0.001	0.001	0.997
0.001	0.001	0.001	0.997
0.997	0.001	0.001	0.001
0.219	0.001	0.001	0.779
0.118	0.001	0.101	0.780
>GGTATATAAAGA	11-GGTATATAAAGA	12.658203	-28.959083	0	T:11.0(6.18%),B:1.6(0.33%),P:1e-12	Tpos:273.3,Tstd:74.1,Bpos:175.8,Bstd:106.1,StrandBias:10.0,Multiplicity:1.09
0.291	0.001	0.493	0.215
0.001	0.001	0.997	0.001
0.001	0.001	0.001	0.997
0.997	0.001	0.001	0.001
0.001	0.001	0.001	0.997
0.997	0.001	0.001	0.001
0.001	0.001	0.001	0.997
0.997	0.001	0.001	0.001
0.853	0.001	0.001	0.145
0.853	0.001	0.145	0.001
0.173	0.001	0.680	0.146
0.707	0.146	0.146	0.001
>GCCACCTCGCGA	12-GCCACCTCGCGA	4.983566	-28.959083	0	T:11.0(6.18%),B:1.8(0.37%),P:1e-12	Tpos:114.9,Tstd:79.0,Bpos:255.7,Bstd:101.0,StrandBias:0.5,Multiplicity:1.09
0.001	0.001	0.997	0.001
0.166	0.667	0.166	0.001
0.001	0.832	0.166	0.001
0.997	0.001	0.001	0.001
0.001	0.832	0.166	0.001
0.166	0.832	0.001	0.001
0.001	0.166	0.166	0.667
0.001	0.667	0.166	0.166
0.001	0.001	0.997	0.001
0.001	0.997	0.001	0.001
0.001	0.166	0.832	0.001
0.997	0.001	0.001	0.001
>TATATAATATAC	13-TATATAATATAC	13.354157	-28.959083	0	T:11.0(6.18%),B:1.4(0.30%),P:1e-12	Tpos:230.5,Tstd:114.2,Bpos:256.3,Bstd:40.3,StrandBias:1.7,Multiplicity:1.00
0.001	0.001	0.001	0.997
0.997	0.001	0.001	0.001
0.001	0.001	0.001	0.997
0.997	0.001	0.001	0.001
0.001	0.094	0.001	0.904
0.904	0.001	0.001	0.094
0.809	0.095	0.095	0.001
0.001	0.001	0.001	0.997
0.997	0.001	0.001	0.001
0.095	0.095	0.001	0.809
0.904	0.094	0.001	0.001
0.237	0.761	0.001	0.001
>AGGCGTCGGTGA	14-AGGCGTCGGTGA	6.940432	-26.077524	0	T:35.0(19.66%),B:24.8(5.21%),P:1e-11	Tpos:197.5,Tstd:108.5,Bpos:204.6,Bstd:121.2,StrandBias:-0.6,Multiplicity:1.03
0.867	0.001	0.001	0.131
0.001	0.001	0.864	0.134
0.001	0.218	0.780	0.001
0.091	0.497	0.274	0.139
0.044	0.088	0.861	0.007
0.044	0.088	0.098	0.770
0.136	0.551	0.091	0.222
0.001	0.003	0.723	0.273
0.193	0.001	0.588	0.218
0.263	0.088	0.044	0.605
0.091	0.010	0.898	0.001
0.687	0.178	0.091	0.044
>CCTAATCCGCTT	15-CCTAATCCGCTT	10.291330	-25.518914	0	T:10.0(5.62%),B:1.9(0.39%),P:1e-11	Tpos:203.6,Tstd:104.9,Bpos:228.4,Bstd:42.9,StrandBias:1.4,Multiplicity:1.10
0.001	0.599	0.300	0.100
0.099	0.899	0.001	0.001
0.001	0.001	0.001	0.997
0.699	0.001	0.100	0.200
0.700	0.100	0.100	0.100
0.001	0.001	0.001	0.997
0.001	0.997	0.001	0.001
0.001	0.799	0.001	0.199
0.001	0.200	0.599	0.200
0.001	0.899	0.099	0.001
0.001	0.001	0.001	0.997
0.001	0.001	0.001	0.997
>DWAAAAAGAAWD	16-DWAAAAAGAAWD	7.509591	-25.518914	0	T:10.0(5.62%),B:1.8(0.38%),P:1e-11	Tpos:232.7,Tstd:119.6,Bpos:221.9,Bstd:85.1,StrandBias:-0.8,Multiplicity:1.10
0.254	0.181	0.347	0.217
0.381	0.165	0.222	0.232
0.508	0.147	0.160	0.185
0.594	0.121	0.132	0.153
0.586	0.130	0.145	0.139
0.597	0.135	0.131	0.137
0.591	0.127	0.127	0.155
0.125	0.158	0.557	0.160
0.600	0.133	0.139	0.128
0.544	0.142	0.141	0.173
0.278	0.167	0.198	0.357
0.261	0.181	0.334	0.224
>GCTAAGAGCCAA	17-GCTAAGAGCCAA	6.978301	-25.518914	0	T:10.0(5.62%),B:1.8(0.38%),P:1e-11	Tpos:156.6,Tstd:99.4,Bpos:138.0,Bstd:0.0,StrandBias:-0.8,Multiplicity:1.10
0.001	0.252	0.746	0.001
0.001	0.699	0.299	0.001
0.001	0.001	0.001	0.997
0.571	0.209	0.219	0.001
0.571	0.001	0.266	0.162
0.001	0.001	0.997	0.001
0.561	0.001	0.253	0.185
0.001	0.001	0.997	0.001
0.001	0.975	0.023	0.001
0.023	0.975	0.001	0.001
0.997	0.001	0.001	0.001
0.997	0.001	0.001	0.001
>TATATATATTAC	18-TATATATATTAC	11.216374	-25.518914	0	T:10.0(5.62%),B:1.7(0.35%),P:1e-11	Tpos:245.6,Tstd:81.6,Bpos:145.9,Bstd:98.9,StrandBias:-1.4,Multiplicity:1.00
0.050	0.025	0.075	0.850
0.749	0.025	0.075	0.151
0.024	0.001	0.001	0.974
0.850	0.025	0.050	0.075
0.054	0.050	0.025	0.871
0.900	0.050	0.025	0.025
0.001	0.049	0.001	0.949
0.924	0.001	0.025	0.050
0.075	0.104	0.050	0.771
0.053	0.001	0.125	0.821
0.721	0.125	0.100	0.054
0.104	0.645	0.075	0.176
>CAGACCATCCTT	19-CAGACCATCCTT	9.178647	-24.495909	0	T:12.0(6.74%),B:2.8(0.59%),P:1e-10	Tpos:181.7,Tstd:129.9,Bpos:357.0,Bstd:7.7,StrandBias:-0.4,Multiplicity:1.17
0.366	0.632	0.001	0.001
0.798	0.001	0.067	0.134
0.150	0.067	0.716	0.067
0.834	0.001	0.164	0.001
0.082	0.648	0.135	0.135
0.134	0.639	0.001	0.226
0.642	0.067	0.082	0.209
0.001	0.134	0.001	0.864
0.001	0.865	0.067	0.067
0.135	0.731	0.067	0.067
0.001	0.001	0.001	0.997
0.001	0.066	0.001	0.932
>BCWCCASYACGY	20-BCWCCASYACGY	7.516067	-24.495909	0	T:12.0(6.74%),B:3.0(0.63%),P:1e-10	Tpos:147.6,Tstd:106.5,Bpos:181.9,Bstd:39.4,StrandBias:1.0,Multiplicity:1.00
0.017	0.390	0.245	0.348
0.210	0.788	0.001	0.001
0.514	0.017	0.017	0.452
0.001	0.561	0.176	0.262
0.333	0.649	0.001	0.017
0.510	0.296	0.017	0.177
0.125	0.263	0.384	0.229
0.193	0.424	0.017	0.366
0.705	0.261	0.017	0.017
0.386	0.596	0.017	0.001
0.247	0.001	0.525	0.227
0.001	0.438	0.158	0.403
>TTTTTAGGTAAT	21-TTTTTAGGTAAT	8.877439	-24.495909	0	T:12.0(6.74%),B:2.7(0.57%),P:1e-10	Tpos:209.5,Tstd:89.7,Bpos:150.3,Bstd:143.7,StrandBias:2.5,Multiplicity:1.08
0.001	0.001	0.001	0.997
0.001	0.001	0.001	0.997
0.033	0.001	0.001	0.965
0.001	0.001	0.001	0.997
0.001	0.001	0.001	0.997
0.930	0.068	0.001	0.001
0.001	0.259	0.552	0.188
0.259	0.001	0.739	0.001
0.001	0.001	0.001	0.997
0.997	0.001	0.001	0.001
0.997	0.001	0.001	0.001
0.001	0.001	0.292	0.706
>GAAGGAAAAGGG	22-GAAGGAAAAGGG	10.409522	-16.259911	0	T:9.0(5.06%),B:2.0(0.42%),P:1e-7	Tpos:132.3,Tstd:85.2,Bpos:239.6,Bstd:97.3,StrandBias:1.0,Multiplicity:1.00
0.100	0.100	0.700	0.100
0.700	0.100	0.100	0.100
0.700	0.100	0.100	0.100
0.100	0.100	0.700	0.100
0.100	0.100	0.700	0.100
0.700	0.100	0.100	0.100
0.700	0.100	0.100	0.100
0.700	0.100	0.100	0.100
0.700	0.100	0.100	0.100
0.100	0.100	0.700	0.100
0.100	0.100	0.700	0.100
0.100	0.100	0.700	0.100
>TTTTTGTTTGGC	23-TTTTTGTTTGGC	10.409522	-12.929019	0	T:9.0(5.06%),B:3.9(0.81%),P:1e-5	Tpos:263.0,Tstd:73.3,Bpos:163.6,Bstd:135.9,StrandBias:-0.6,Multiplicity:1.11
0.100	0.100	0.100	0.700
0.100	0.100	0.100	0.700
0.100	0.100	0.100	0.700
0.100	0.100	0.100	0.700
0.100	0.100	0.100	0.700
0.100	0.100	0.700	0.100
0.100	0.100	0.100	0.700
0.100	0.100	0.100	0.700
0.100	0.100	0.100	0.700
0.100	0.100	0.700	0.100
0.100	0.100	0.700	0.100
0.100	0.700	0.100	0.100
>AAGAAACGAATT	24-AAGAAACGAATT	10.409522	-11.304590	0	T:7.0(3.93%),B:2.4(0.50%),P:1e-4	Tpos:215.0,Tstd:94.3,Bpos:200.6,Bstd:1.0,StrandBias:-2.8,Multiplicity:1.14
0.700	0.100	0.100	0.100
0.700	0.100	0.100	0.100
0.100	0.100	0.700	0.100
0.700	0.100	0.100	0.100
0.700	0.100	0.100	0.100
0.700	0.100	0.100	0.100
0.100	0.700	0.100	0.100
0.100	0.100	0.700	0.100
0.700	0.100	0.100	0.100
0.700	0.100	0.100	0.100
0.100	0.100	0.100	0.700
0.100	0.100	0.100	0.700
>CCCGACTCCCTC	25-CCCGACTCCCTC	9.820898	-10.657562	0	T:9.0(5.06%),B:4.4(0.91%),P:1e-4	Tpos:174.6,Tstd:102.7,Bpos:143.9,Bstd:30.7,StrandBias:0.3,Multiplicity:1.00
0.001	0.874	0.001	0.124
0.001	0.749	0.001	0.249
0.124	0.874	0.001	0.001
0.001	0.001	0.874	0.124
0.874	0.001	0.124	0.001
0.124	0.874	0.001	0.001
0.125	0.125	0.001	0.749
0.001	0.997	0.001	0.001
0.001	0.997	0.001	0.001
0.124	0.874	0.001	0.001
0.125	0.001	0.125	0.749
0.001	0.749	0.125	0.125
>ATGACGTA	1-ATGACGTA	7.075448	-40.155784	0	T:45.0(25.28%),B:26.7(5.60%),P:1e-17	Tpos:159.8,Tstd:92.8,Bpos:167.1,Bstd:87.4,StrandBias:0.1,Multiplicity:1.04
0.983	0.015	0.001	0.001
0.001	0.001	0.085	0.913
0.001	0.001	0.929	0.069
0.860	0.054	0.085	0.001
0.001	0.913	0.085	0.001
0.001	0.001	0.997	0.001
0.001	0.369	0.001	0.629
0.700	0.214	0.085	0.001
>TCTAAGAC	2-TCTAAGAC	7.942733	-32.491780	0	T:12.0(6.74%),B:1.2(0.26%),P:1e-14	Tpos:215.0,Tstd:114.3,Bpos:178.7,Bstd:144.6,StrandBias:0.7,Multiplicity:1.00
0.001	0.001	0.001	0.997
0.076	0.893	0.030	0.001
0.001	0.001	0.001	0.997
0.660	0.001	0.001	0.338
0.939	0.030	0.030	0.001
0.001	0.001	0.923	0.075
0.997	0.001	0.001	0.001
0.001	0.997	0.001	0.001
>CCTGTTTG	3-CCTGTTTG	6.904379	-26.421250	0	T:20.0(11.24%),B:7.5(1.57%),P:1e-11	Tpos:186.0,Tstd:85.5,Bpos:158.4,Bstd:98.9,StrandBias:-0.1,Multiplicity:1.05
0.049	0.634	0.316	0.001
0.001	0.997	0.001	0.001
0.001	0.001	0.001	0.997
0.001	0.001	0.997	0.001
0.001	0.001	0.001	0.997
0.001	0.001	0.001	0.997
0.049	0.001	0.001	0.949
0.001	0.001	0.997	0.001
>TTGGCCCT	4-TTGGCCCT	8.976276	-25.964390	0	T:22.0(12.36%),B:9.2(1.93%),P:1e-11	Tpos:156.3,Tstd:124.4,Bpos:234.0,Bstd:90.6,StrandBias:1.4,Multiplicity:1.00
0.001	0.001	0.001	0.997
0.001	0.001	0.001	0.997
0.001	0.001	0.997	0.001
0.001	0.001	0.637	0.361
0.001	0.997	0.001	0.001
0.001	0.997	0.001	0.001
0.001	0.805	0.001	0.193
0.001	0.001	0.001	0.997
>TGAGGGGT	5-TGAGGGGT	5.525460	-25.910506	0	T:82.0(46.07%),B:108.4(22.74%),P:1e-11	Tpos:179.6,Tstd:102.0,Bpos:214.3,Bstd:110.5,StrandBias:0.1,Multiplicity:1.33
0.081	0.001	0.001	0.917
0.158	0.070	0.771	0.001
0.969	0.001	0.001	0.029
0.189	0.001	0.781	0.029
0.030	0.074	0.851	0.045
0.030	0.030	0.866	0.074
0.001	0.029	0.969	0.001
0.001	0.001	0.073	0.925
>GCTGTWCA	6-GCTGTWCA	8.823757	-25.256207	0	T:17.0(9.55%),B:5.9(1.23%),P:1e-10	Tpos:211.3,Tstd:142.7,Bpos:199.9,Bstd:94.5,StrandBias:-0.3,Multiplicity:1.06
0.001	0.001	0.997	0.001
0.001	0.742	0.001	0.256
0.001	0.001	0.001	0.997
0.001	0.001	0.997	0.001
0.256	0.001	0.001	0.742
0.554	0.001	0.001	0.444
0.001	0.997	0.001	0.001
0.997	0.001	0.001	0.001
>ACACGTTC	7-ACACGTTC	8.800099	-22.472262	0	T:13.0(7.30%),B:3.8(0.79%),P:1e-9	Tpos:190.7,Tstd:130.1,Bpos:228.4,Bstd:119.3,StrandBias:-0.7,Multiplicity:1.08
0.997	0.001	0.001	0.001
0.001	0.997	0.001	0.001
0.649	0.349	0.001	0.001
0.244	0.754	0.001	0.001
0.001	0.001	0.997	0.001
0.001	0.001	0.001	0.997
0.001	0.001	0.001	0.997
0.349	0.649	0.001	0.001
>GAGGGGGA	8-GAGGGGGA	8.236954	-21.655875	0	T:11.0(6.18%),B:2.5(0.52%),P:1e-9	Tpos:178.2,Tstd:74.0,Bpos:134.2,Bstd:86.3,StrandBias:-1.4,Multiplicity:1.00
0.100	0.100	0.700	0.100
0.700	0.100	0.100	0.100
0.100	0.100	0.700	0.100
0.100	0.100	0.700	0.100
0.100	0.100	0.700	0.100
0.100	0.100	0.700	0.100
0.100	0.100	0.700	0.100
0.700	0.100	0.100	0.100
>TGATCTGG	9-TGATCTGG	7.283299	-19.429313	0	T:23.0(12.92%),B:14.4(3.03%),P:1e-8	Tpos:194.3,Tstd:98.0,Bpos:187.5,Bstd:135.1,StrandBias:-0.5,Multiplicity:1.17
0.001	0.001	0.001	0.997
0.089	0.089	0.821	0.001
0.927	0.036	0.036	0.001
0.098	0.001	0.001	0.900
0.001	0.997	0.001	0.001
0.001	0.036	0.036	0.927
0.089	0.001	0.909	0.001
0.001	0.001	0.997	0.001
>TTGCCTCA	10-TTGCCTCA	10.883106	-18.950356	0	T:8.0(4.49%),B:1.3(0.27%),P:1e-8	Tpos:185.1,Tstd:118.9,Bpos:105.0,Bstd:0.0,StrandBias:-0.3,Multiplicity:1.12
0.001	0.001	0.001	0.997
0.001	0.001	0.001	0.997
0.125	0.001	0.873	0.001
0.001	0.997	0.001	0.001
0.001	0.997	0.001	0.001
0.001	0.001	0.001	0.997
0.001	0.997	0.001	0.001
0.948	0.001	0.050	0.001
>GGGGGGAG	11-GGGGGGAG	7.809048	-16.743953	0	T:18.0(10.11%),B:11.0(2.30%),P:1e-7	Tpos:136.9,Tstd:92.3,Bpos:173.4,Bstd:106.5,StrandBias:-0.5,Multiplicity:1.11
0.001	0.330	0.668	0.001
0.001	0.186	0.812	0.001
0.001	0.191	0.527	0.281
0.001	0.001	0.997	0.001
0.320	0.001	0.678	0.001
0.001	0.186	0.812	0.001
0.912	0.086	0.001	0.001
0.001	0.001	0.997	0.001
>AAAGCGGA	12-AAAGCGGA	8.236954	-15.843873	0	T:7.0(3.93%),B:1.1(0.23%),P:1e-6	Tpos:165.1,Tstd:53.8,Bpos:318.0,Bstd:0.0,StrandBias:-0.4,Multiplicity:1.00
0.700	0.100	0.100	0.100
0.700	0.100	0.100	0.100
0.700	0.100	0.100	0.100
0.100	0.100	0.700	0.100
0.100	0.700	0.100	0.100
0.100	0.100	0.700	0.100
0.100	0.100	0.700	0.100
0.700	0.100	0.100	0.100
>CCAAGTTT	13-CCAAGTTT	9.636834	-14.427528	0	T:13.0(7.30%),B:6.8(1.42%),P:1e-6	Tpos:229.9,Tstd:97.3,Bpos:242.6,Bstd:103.5,StrandBias:0.0,Multiplicity:1.08
0.001	0.997	0.001	0.001
0.001	0.997	0.001	0.001
0.997	0.001	0.001	0.001
0.997	0.001	0.001	0.001
0.001	0.001	0.744	0.254
0.001	0.001	0.001	0.997
0.061	0.001	0.001	0.937
0.001	0.001	0.001	0.997
>ACTTATCA	14-ACTTATCA	8.236954	-13.721559	0	T:8.0(4.49%),B:2.6(0.54%),P:1e-5	Tpos:185.2,Tstd:126.5,Bpos:289.6,Bstd:106.1,StrandBias:1.6,Multiplicity:1.00
0.700	0.100	0.100	0.100
0.100	0.700	0.100	0.100
0.100	0.100	0.100	0.700
0.100	0.100	0.100	0.700
0.700	0.100	0.100	0.100
0.100	0.100	0.100	0.700
0.100	0.700	0.100	0.100
0.700	0.100	0.100	0.100
>CTGGCAAT	15-CTGGCAAT	8.568286	-13.721559	0	T:8.0(4.49%),B:2.6(0.55%),P:1e-5	Tpos:203.8,Tstd:85.5,Bpos:75.0,Bstd:68.2,StrandBias:0.0,Multiplicity:1.00
0.001	0.997	0.001	0.001
0.001	0.001	0.001	0.997
0.001	0.082	0.916	0.001
0.001	0.001	0.997	0.001
0.001	0.997	0.001	0.001
0.997	0.001	0.001	0.001
0.997	0.001	0.001	0.001
0.001	0.001	0.001	0.997
>GGGGATCA	16-GGGGATCA	8.568286	-13.721559	0	T:8.0(4.49%),B:2.7(0.56%),P:1e-5	Tpos:95.9,Tstd:63.1,Bpos:184.4,Bstd:57.6,StrandBias:2.8,Multiplicity:1.00
0.001	0.001	0.997	0.001
0.001	0.001	0.997	0.001
0.001	0.001	0.997	0.001
0.001	0.001	0.997	0.001
0.997	0.001	0.001	0.001
0.001	0.082	0.001	0.916
0.001	0.997	0.001	0.001
0.997	0.001	0.001	0.001
>CAATACTC	17-CAATACTC	8.568286	-13.721559	0	T:8.0(4.49%),B:2.8(0.59%),P:1e-5	Tpos:185.6,Tstd:147.3,Bpos:92.5,Bstd:54.3,StrandBias:1.6,Multiplicity:1.00
0.001	0.997	0.001	0.001
0.916	0.001	0.082	0.001
0.997	0.001	0.001	0.001
0.001	0.001	0.001	0.997
0.997	0.001	0.001	0.001
0.001	0.997	0.001	0.001
0.001	0.001	0.001	0.997
0.001	0.997	0.001	0.001
>TTGGAGAT	18-TTGGAGAT	8.414095	-12.616234	0	T:10.0(5.62%),B:4.6(0.97%),P:1e-5	Tpos:184.0,Tstd:106.7,Bpos:276.1,Bstd:19.4,StrandBias:0.3,Multiplicity:1.00
0.001	0.076	0.001	0.922
0.001	0.001	0.076	0.922
0.001	0.001	0.997	0.001
0.001	0.001	0.997	0.001
0.997	0.001	0.001	0.001
0.001	0.001	0.997	0.001
0.997	0.001	0.001	0.001
0.001	0.001	0.001	0.997
>CAAAACAC	19-CAAAACAC	8.236954	-12.539688	0	T:11.0(6.18%),B:5.6(1.17%),P:1e-5	Tpos:137.8,Tstd:104.6,Bpos:283.6,Bstd:83.8,StrandBias:0.3,Multiplicity:1.00
0.100	0.700	0.100	0.100
0.700	0.100	0.100	0.100
0.700	0.100	0.100	0.100
0.700	0.100	0.100	0.100
0.700	0.100	0.100	0.100
0.100	0.700	0.100	0.100
0.700	0.100	0.100	0.100
0.100	0.700	0.100	0.100
>ATGGGCCC	20-ATGGGCCC	8.576414	-12.539688	0	T:11.0(6.18%),B:5.1(1.08%),P:1e-5	Tpos:187.8,Tstd:94.4,Bpos:124.0,Bstd:83.0,StrandBias:-0.4,Multiplicity:1.00
0.739	0.259	0.001	0.001
0.203	0.001	0.001	0.795
0.001	0.001	0.997	0.001
0.001	0.001	0.739	0.259
0.001	0.001	0.997	0.001
0.001	0.739	0.259	0.001
0.001	0.997	0.001	0.001
0.001	0.997	0.001	0.001
>GCGGGGCA	21-GCGGGGCA	6.802910	-12.296460	0	T:21.0(11.80%),B:18.7(3.92%),P:1e-5	Tpos:139.4,Tstd:94.1,Bpos:144.4,Bstd:145.6,StrandBias:0.4,Multiplicity:1.10
0.001	0.001	0.997	0.001
0.025	0.643	0.062	0.270
0.094	0.001	0.876	0.029
0.001	0.001	0.997	0.001
0.062	0.001	0.875	0.062
0.062	0.001	0.667	0.270
0.001	0.997	0.001	0.001
0.936	0.001	0.062	0.001
>AGATAATG	22-AGATAATG	8.236954	-11.304590	0	T:7.0(3.93%),B:2.9(0.62%),P:1e-4	Tpos:191.6,Tstd:86.6,Bpos:212.8,Bstd:127.4,StrandBias:-0.7,Multiplicity:1.14
0.700	0.100	0.100	0.100
0.100	0.100	0.700	0.100
0.700	0.100	0.100	0.100
0.100	0.100	0.100	0.700
0.700	0.100	0.100	0.100
0.700	0.100	0.100	0.100
0.100	0.100	0.100	0.700
0.100	0.100	0.700	0.100
>GTTACTTG	23-GTTACTTG	8.266624	-10.793401	0	T:8.0(4.49%),B:3.7(0.78%),P:1e-4	Tpos:243.6,Tstd:120.2,Bpos:99.2,Bstd:59.5,StrandBias:-0.3,Multiplicity:1.38
0.001	0.001	0.997	0.001
0.001	0.001	0.001	0.997
0.001	0.070	0.001	0.928
0.997	0.001	0.001	0.001
0.001	0.997	0.001	0.001
0.001	0.001	0.070	0.928
0.001	0.070	0.001	0.928
0.001	0.001	0.997	0.001
>ATATATAT	24-ATATATAT	8.280678	-9.619444	0	T:62.0(34.83%),B:105.3(22.09%),P:1e-4	Tpos:215.3,Tstd:74.9,Bpos:224.7,Bstd:84.1,StrandBias:0.1,Multiplicity:1.24
0.840	0.001	0.158	0.001
0.001	0.247	0.073	0.679
0.997	0.001	0.001	0.001
0.001	0.001	0.001	0.997
0.997	0.001	0.001	0.001
0.001	0.001	0.001	0.997
0.997	0.001	0.001	0.001
0.001	0.001	0.001	0.997
>CGTATATT	25-CGTATATT	8.236954	-8.777890	0	T:7.0(3.93%),B:3.6(0.76%),P:1e-3	Tpos:268.6,Tstd:70.0,Bpos:275.4,Bstd:101.9,StrandBias:0.4,Multiplicity:1.00
0.100	0.700	0.100	0.100
0.100	0.100	0.700	0.100
0.100	0.100	0.100	0.700
0.700	0.100	0.100	0.100
0.100	0.100	0.100	0.700
0.700	0.100	0.100	0.100
0.100	0.100	0.100	0.700
0.100	0.100	0.100	0.700
