>GTCCCCCTCA	1-GTCCCCCTCA	8.312059	-59.986329	0	T:30.0(16.85%),B:5.7(1.19%),P:1e-26	Tpos:160.1,Tstd:88.3,Bpos:189.3,Bstd:120.8,StrandBias:1.2,Multiplicity:1.00
0.140	0.296	0.498	0.067
0.292	0.135	0.001	0.572
0.356	0.642	0.001	0.001
0.001	0.997	0.001	0.001
0.001	0.997	0.001	0.001
0.135	0.729	0.001	0.135
0.135	0.796	0.001	0.068
0.001	0.001	0.001	0.997
0.067	0.753	0.089	0.091
0.795	0.001	0.001	0.203
>TTACGTAATV	2-TTACGTAATV	9.579275	-47.425087	0	T:16.0(8.99%),B:1.8(0.38%),P:1e-20	Tpos:188.4,Tstd:85.4,Bpos:220.9,Bstd:58.3,StrandBias:0.2,Multiplicity:1.06
0.001	0.373	0.001	0.625
0.001	0.001	0.001	0.997
0.997	0.001	0.001	0.001
0.001	0.883	0.107	0.009
0.001	0.001	0.997	0.001
0.001	0.001	0.001	0.997
0.997	0.001	0.001	0.001
0.892	0.001	0.001	0.106
0.107	0.001	0.214	0.678
0.273	0.374	0.353	0.001
>CATACATCRT	3-CATACATCRT	9.525354	-43.581524	0	T:15.0(8.43%),B:1.8(0.38%),P:1e-18	Tpos:149.1,Tstd:107.3,Bpos:239.4,Bstd:10.5,StrandBias:1.0,Multiplicity:1.00
0.001	0.997	0.001	0.001
0.997	0.001	0.001	0.001
0.001	0.001	0.001	0.997
0.997	0.001	0.001	0.001
0.001	0.997	0.001	0.001
0.456	0.001	0.259	0.284
0.001	0.001	0.001	0.997
0.113	0.885	0.001	0.001
0.418	0.001	0.322	0.259
0.001	0.001	0.001	0.997
>CAGGGGGCTG	4-CAGGGGGCTG	8.349791	-43.581524	0	T:15.0(8.43%),B:1.8(0.38%),P:1e-18	Tpos:150.2,Tstd:75.2,Bpos:105.9,Bstd:56.7,StrandBias:-0.4,Multiplicity:1.07
0.114	0.701	0.184	0.001
0.997	0.001	0.001	0.001
0.048	0.092	0.768	0.092
0.001	0.001	0.997	0.001
0.001	0.183	0.815	0.001
0.190	0.001	0.625	0.184
0.001	0.001	0.815	0.183
0.001	0.809	0.001	0.189
0.001	0.001	0.205	0.793
0.112	0.001	0.775	0.112
>ATGCCCCAAT	5-ATGCCCCAAT	9.099065	-39.808426	0	T:14.0(7.87%),B:0.7(0.14%),P:1e-17	Tpos:154.6,Tstd:102.7,Bpos:207.0,Bstd:0.0,StrandBias:0.0,Multiplicity:1.00
0.997	0.001	0.001	0.001
0.001	0.001	0.001	0.997
0.001	0.001	0.997	0.001
0.001	0.997	0.001	0.001
0.001	0.649	0.001	0.349
0.001	0.997	0.001	0.001
0.349	0.649	0.001	0.001
0.892	0.001	0.001	0.106
0.913	0.043	0.001	0.043
0.001	0.001	0.001	0.997
>TCTCCGCTTT	6-TCTCCGCTTT	10.310779	-39.808426	0	T:14.0(7.87%),B:0.7(0.14%),P:1e-17	Tpos:171.8,Tstd:99.4,Bpos:270.0,Bstd:0.0,StrandBias:1.0,Multiplicity:1.07
0.001	0.001	0.001	0.997
0.077	0.921	0.001	0.001
0.001	0.001	0.001	0.997
0.001	0.872	0.001	0.126
0.001	0.872	0.126	0.001
0.001	0.127	0.745	0.127
0.126	0.872	0.001	0.001
0.001	0.126	0.001	0.872
0.001	0.001	0.126	0.872
0.001	0.001	0.001	0.997
>TGANGTMACT	7-TGANGTMACT	9.126080	-36.655452	0	T:16.0(8.99%),B:2.9(0.62%),P:1e-15	Tpos:207.1,Tstd:106.1,Bpos:164.3,Bstd:81.3,StrandBias:-1.1,Multiplicity:1.00
0.001	0.001	0.029	0.969
0.029	0.001	0.969	0.001
0.997	0.001	0.001	0.001
0.353	0.235	0.206	0.206
0.001	0.001	0.997	0.001
0.001	0.001	0.001	0.997
0.440	0.558	0.001	0.001
0.997	0.001	0.001	0.001
0.205	0.793	0.001	0.001
0.001	0.234	0.001	0.764
>AGGGCAGGGC	8-AGGGCAGGGC	7.509713	-36.655452	0	T:16.0(8.99%),B:3.0(0.62%),P:1e-15	Tpos:130.2,Tstd:102.3,Bpos:140.2,Bstd:67.0,StrandBias:0.2,Multiplicity:1.06
0.997	0.001	0.001	0.001
0.232	0.001	0.766	0.001
0.001	0.101	0.897	0.001
0.001	0.203	0.695	0.101
0.001	0.884	0.001	0.114
0.997	0.001	0.001	0.001
0.001	0.001	0.897	0.101
0.001	0.001	0.766	0.232
0.001	0.202	0.796	0.001
0.030	0.665	0.102	0.203
>AGCGGAATAG	9-AGCGGAATAG	9.103807	-32.491780	0	T:12.0(6.74%),B:1.7(0.35%),P:1e-14	Tpos:180.2,Tstd:112.9,Bpos:375.7,Bstd:14.9,StrandBias:-0.5,Multiplicity:1.00
0.997	0.001	0.001	0.001
0.001	0.001	0.997	0.001
0.132	0.866	0.001	0.001
0.001	0.001	0.997	0.001
0.001	0.332	0.666	0.001
0.866	0.001	0.001	0.132
0.866	0.001	0.001	0.132
0.001	0.001	0.001	0.997
0.997	0.001	0.001	0.001
0.132	0.001	0.866	0.001
>CCGTTGAATG	10-CCGTTGAATG	8.265942	-32.491780	0	T:12.0(6.74%),B:1.7(0.35%),P:1e-14	Tpos:190.2,Tstd:99.8,Bpos:152.9,Bstd:22.7,StrandBias:0.0,Multiplicity:1.09
0.043	0.875	0.039	0.043
0.154	0.764	0.001	0.081
0.116	0.116	0.725	0.043
0.038	0.001	0.116	0.845
0.001	0.038	0.077	0.884
0.155	0.081	0.725	0.039
0.845	0.077	0.039	0.039
0.807	0.077	0.039	0.077
0.001	0.042	0.116	0.841
0.001	0.120	0.725	0.154
>TTGKCCCTTW	11-TTGKCCCTTW	8.167191	-30.488982	0	T:16.0(8.99%),B:3.8(0.79%),P:1e-13	Tpos:157.9,Tstd:126.2,Bpos:248.9,Bstd:65.5,StrandBias:0.5,Multiplicity:1.06
0.207	0.001	0.088	0.704
0.088	0.062	0.142	0.708
0.116	0.173	0.529	0.182
0.199	0.191	0.372	0.239
0.061	0.802	0.136	0.001
0.088	0.859	0.001	0.052
0.001	0.814	0.035	0.150
0.053	0.260	0.062	0.625
0.101	0.156	0.106	0.637
0.422	0.018	0.114	0.446
>GTCTTAGACC	12-GTCTTAGACC	8.293752	-27.745261	0	T:15.0(8.43%),B:3.5(0.73%),P:1e-12	Tpos:215.3,Tstd:105.1,Bpos:152.1,Bstd:130.9,StrandBias:-0.4,Multiplicity:1.00
0.001	0.011	0.977	0.011
0.112	0.001	0.001	0.886
0.237	0.504	0.135	0.124
0.001	0.113	0.113	0.773
0.238	0.001	0.001	0.760
0.751	0.135	0.001	0.113
0.001	0.001	0.997	0.001
0.875	0.011	0.001	0.113
0.123	0.763	0.001	0.113
0.145	0.736	0.001	0.118
>CCCCTGGAGT	13-CCCCTGGAGT	9.040727	-27.421257	0	T:13.0(7.30%),B:2.8(0.59%),P:1e-11	Tpos:93.7,Tstd:67.4,Bpos:161.4,Bstd:103.4,StrandBias:-0.2,Multiplicity:1.00
0.061	0.868	0.001	0.070
0.070	0.859	0.001	0.070
0.001	0.938	0.060	0.001
0.061	0.877	0.001	0.061
0.061	0.061	0.001	0.877
0.001	0.001	0.938	0.060
0.070	0.275	0.594	0.061
0.869	0.009	0.061	0.061
0.061	0.061	0.572	0.306
0.122	0.001	0.214	0.663
>CCTCACCCCT	14-CCTCACCCCT	10.667524	-27.421257	0	T:13.0(7.30%),B:2.7(0.57%),P:1e-11	Tpos:168.8,Tstd:99.9,Bpos:248.5,Bstd:156.1,StrandBias:0.0,Multiplicity:1.00
0.001	0.881	0.001	0.117
0.117	0.881	0.001	0.001
0.001	0.117	0.001	0.881
0.001	0.997	0.001	0.001
0.588	0.294	0.001	0.117
0.001	0.997	0.001	0.001
0.001	0.997	0.001	0.001
0.001	0.881	0.001	0.117
0.001	0.997	0.001	0.001
0.001	0.001	0.117	0.881
>TAGTGATTAC	15-TAGTGATTAC	8.922296	-27.421257	0	T:13.0(7.30%),B:2.5(0.52%),P:1e-11	Tpos:221.8,Tstd:119.9,Bpos:161.3,Bstd:83.5,StrandBias:0.2,Multiplicity:1.00
0.001	0.001	0.001	0.997
0.915	0.001	0.001	0.083
0.001	0.083	0.915	0.001
0.001	0.168	0.168	0.663
0.055	0.001	0.943	0.001
0.915	0.001	0.001	0.083
0.083	0.001	0.001	0.915
0.040	0.001	0.369	0.590
0.831	0.084	0.001	0.084
0.001	0.915	0.083	0.001
>CGTCTTTCGC	16-CGTCTTTCGC	9.285012	-25.518914	0	T:10.0(5.62%),B:0.0(0.00%),P:1e-11	Tpos:171.1,Tstd:87.2,Bpos:0.0,Bstd:0.0,StrandBias:0.6,Multiplicity:1.00
0.001	0.997	0.001	0.001
0.001	0.124	0.874	0.001
0.001	0.125	0.125	0.749
0.001	0.997	0.001	0.001
0.001	0.001	0.001	0.997
0.001	0.001	0.001	0.997
0.001	0.001	0.001	0.997
0.001	0.874	0.001	0.124
0.125	0.125	0.749	0.001
0.001	0.874	0.001	0.124
>TGGGCTAAGA	17-TGGGCTAAGA	8.187291	-22.958413	0	T:16.0(8.99%),B:5.5(1.16%),P:1e-9	Tpos:158.2,Tstd:82.1,Bpos:236.8,Bstd:76.3,StrandBias:0.0,Multiplicity:1.00
0.079	0.003	0.001	0.917
0.043	0.122	0.658	0.177
0.079	0.201	0.641	0.079
0.039	0.043	0.879	0.039
0.083	0.839	0.039	0.039
0.083	0.217	0.039	0.661
0.802	0.001	0.079	0.118
0.921	0.039	0.039	0.001
0.079	0.043	0.760	0.118
0.959	0.001	0.039	0.001
>GATTGTGATT	18-GATTGTGATT	8.213528	-22.179399	0	T:9.0(5.06%),B:0.9(0.18%),P:1e-9	Tpos:136.1,Tstd:89.2,Bpos:69.0,Bstd:0.0,StrandBias:-3.6,Multiplicity:1.44
0.128	0.098	0.629	0.145
0.654	0.085	0.099	0.162
0.124	0.046	0.107	0.723
0.143	0.057	0.076	0.724
0.099	0.092	0.681	0.128
0.099	0.062	0.065	0.774
0.101	0.120	0.648	0.131
0.648	0.097	0.098	0.157
0.099	0.047	0.062	0.792
0.104	0.086	0.081	0.729
>TTGCCTCACA	19-TTGCCTCACA	8.350283	-22.179399	0	T:9.0(5.06%),B:0.7(0.14%),P:1e-9	Tpos:163.0,Tstd:124.7,Bpos:18.0,Bstd:0.0,StrandBias:1.0,Multiplicity:1.00
0.100	0.100	0.100	0.700
0.100	0.100	0.100	0.700
0.100	0.100	0.700	0.100
0.100	0.700	0.100	0.100
0.100	0.700	0.100	0.100
0.100	0.100	0.100	0.700
0.100	0.700	0.100	0.100
0.700	0.100	0.100	0.100
0.100	0.700	0.100	0.100
0.700	0.100	0.100	0.100
>CCGAGCGGGG	20-CCGAGCGGGG	7.145772	-22.179399	0	T:9.0(5.06%),B:1.4(0.30%),P:1e-9	Tpos:115.0,Tstd:48.5,Bpos:198.0,Bstd:0.0,StrandBias:-0.3,Multiplicity:1.12
0.099	0.660	0.113	0.128
0.106	0.682	0.078	0.134
0.128	0.057	0.722	0.093
0.640	0.106	0.127	0.127
0.099	0.056	0.774	0.071
0.149	0.595	0.107	0.149
0.127	0.064	0.766	0.043
0.113	0.078	0.753	0.056
0.127	0.120	0.626	0.127
0.064	0.085	0.788	0.063
>ACCAGCTACA	21-ACCAGCTACA	8.314925	-21.655875	0	T:11.0(6.18%),B:2.4(0.51%),P:1e-9	Tpos:266.5,Tstd:120.6,Bpos:323.2,Bstd:49.6,StrandBias:1.4,Multiplicity:1.00
0.773	0.032	0.065	0.130
0.130	0.639	0.101	0.130
0.069	0.801	0.065	0.065
0.967	0.001	0.001	0.031
0.134	0.065	0.736	0.065
0.065	0.773	0.065	0.097
0.069	0.065	0.032	0.834
0.837	0.001	0.097	0.065
0.130	0.769	0.032	0.069
0.900	0.036	0.032	0.032
>CTCCCCAGCT	22-CTCCCCAGCT	8.752912	-21.655875	0	T:11.0(6.18%),B:3.0(0.62%),P:1e-9	Tpos:101.4,Tstd:94.4,Bpos:277.2,Bstd:118.4,StrandBias:2.6,Multiplicity:1.27
0.001	0.872	0.001	0.126
0.001	0.018	0.127	0.854
0.154	0.827	0.001	0.018
0.001	0.696	0.302	0.001
0.129	0.616	0.001	0.254
0.018	0.980	0.001	0.001
0.997	0.001	0.001	0.001
0.254	0.001	0.744	0.001
0.146	0.726	0.127	0.001
0.254	0.001	0.018	0.727
>GACGAGCCAA	23-GACGAGCCAA	8.350283	-18.907883	0	T:10.0(5.62%),B:2.7(0.57%),P:1e-8	Tpos:196.4,Tstd:57.6,Bpos:129.8,Bstd:61.2,StrandBias:-0.6,Multiplicity:1.00
0.100	0.100	0.700	0.100
0.700	0.100	0.100	0.100
0.100	0.700	0.100	0.100
0.100	0.100	0.700	0.100
0.700	0.100	0.100	0.100
0.100	0.100	0.700	0.100
0.100	0.700	0.100	0.100
0.100	0.700	0.100	0.100
0.700	0.100	0.100	0.100
0.700	0.100	0.100	0.100
>CGTTAATCTC	24-CGTTAATCTC	8.350283	-18.907883	0	T:10.0(5.62%),B:2.6(0.54%),P:1e-8	Tpos:211.5,Tstd:113.2,Bpos:279.5,Bstd:33.5,StrandBias:1.2,Multiplicity:1.00
0.100	0.700	0.100	0.100
0.100	0.100	0.700	0.100
0.100	0.100	0.100	0.700
0.100	0.100	0.100	0.700
0.700	0.100	0.100	0.100
0.700	0.100	0.100	0.100
0.100	0.100	0.100	0.700
0.100	0.700	0.100	0.100
0.100	0.100	0.100	0.700
0.100	0.700	0.100	0.100
>CAGGGGTAAA	25-CAGGGGTAAA	7.828185	-16.475674	0	T:13.0(7.30%),B:5.3(1.12%),P:1e-7	Tpos:210.0,Tstd:103.1,Bpos:165.6,Bstd:71.7,StrandBias:0.8,Multiplicity:1.00
0.201	0.588	0.078	0.133
0.755	0.057	0.094	0.094
0.157	0.069	0.672	0.102
0.103	0.102	0.697	0.098
0.125	0.096	0.664	0.115
0.161	0.082	0.625	0.132
0.090	0.110	0.134	0.666
0.798	0.057	0.088	0.057
0.761	0.061	0.098	0.080
0.779	0.094	0.041	0.086
