>GTCCCCCTCA	1-GTCCCCCTCA,BestGuess:MSN4/MA0342.1/Jaspar(0.803)	8.312059	-59.986329	0	T:30.0(16.85%),B:5.7(1.19%),P:1e-26
0.140	0.296	0.498	0.067
0.292	0.135	0.001	0.572
0.356	0.642	0.001	0.001
0.001	0.997	0.001	0.001
0.001	0.997	0.001	0.001
0.135	0.729	0.001	0.135
0.135	0.796	0.001	0.068
0.001	0.001	0.001	0.997
0.067	0.753	0.089	0.091
0.795	0.001	0.001	0.203
>TTACGTAATV	2-TTACGTAATV,BestGuess:CIN5/CIN5_H2O2Lo/[](Harbison)/Yeast(0.935)	9.579275	-47.425087	0	T:16.0(8.99%),B:1.8(0.38%),P:1e-20
0.001	0.373	0.001	0.625
0.001	0.001	0.001	0.997
0.997	0.001	0.001	0.001
0.001	0.883	0.107	0.009
0.001	0.001	0.997	0.001
0.001	0.001	0.001	0.997
0.997	0.001	0.001	0.001
0.892	0.001	0.001	0.106
0.107	0.001	0.214	0.678
0.273	0.374	0.353	0.001
>GCCATGCVGGGA	2-GCCATGCVGGGA,BestGuess:ZMS1/MA0441.1/Jaspar(0.600)	7.691176	-47.425087	0	T:16.0(8.99%),B:1.6(0.35%),P:1e-20
0.001	0.001	0.997	0.001
0.001	0.886	0.001	0.112
0.338	0.660	0.001	0.001
0.965	0.033	0.001	0.001
0.226	0.113	0.113	0.548
0.353	0.113	0.533	0.001
0.259	0.739	0.001	0.001
0.240	0.387	0.260	0.113
0.034	0.001	0.852	0.113
0.001	0.001	0.886	0.112
0.001	0.001	0.997	0.001
0.886	0.001	0.001	0.112
>CATACATCRT	3-CATACATCRT,BestGuess:SKO1(MacIsaac)/Yeast(0.710)	9.525354	-43.581524	0	T:15.0(8.43%),B:1.8(0.38%),P:1e-18
0.001	0.997	0.001	0.001
0.997	0.001	0.001	0.001
0.001	0.001	0.001	0.997
0.997	0.001	0.001	0.001
0.001	0.997	0.001	0.001
0.456	0.001	0.259	0.284
0.001	0.001	0.001	0.997
0.113	0.885	0.001	0.001
0.418	0.001	0.322	0.259
0.001	0.001	0.001	0.997
>CAGGGGGCTG	4-CAGGGGGCTG,BestGuess:REI1/MA0364.1/Jaspar(0.750)	8.349791	-43.581524	0	T:15.0(8.43%),B:1.8(0.38%),P:1e-18
0.114	0.701	0.184	0.001
0.997	0.001	0.001	0.001
0.048	0.092	0.768	0.092
0.001	0.001	0.997	0.001
0.001	0.183	0.815	0.001
0.190	0.001	0.625	0.184
0.001	0.001	0.815	0.183
0.001	0.809	0.001	0.189
0.001	0.001	0.205	0.793
0.112	0.001	0.775	0.112
>CCTGAGAGCAGC	3-CCTGAGAGCAGC,BestGuess:REI1/MA0364.1/Jaspar(0.558)	8.060900	-43.581524	0	T:15.0(8.43%),B:1.5(0.32%),P:1e-18
0.130	0.823	0.005	0.042
0.051	0.906	0.042	0.001
0.126	0.046	0.042	0.786
0.088	0.001	0.786	0.125
0.576	0.130	0.168	0.126
0.126	0.126	0.618	0.130
0.785	0.084	0.001	0.130
0.210	0.084	0.660	0.046
0.135	0.739	0.084	0.042
0.786	0.088	0.125	0.001
0.042	0.130	0.702	0.126
0.084	0.873	0.001	0.042
>ATGCCCCAAT	5-ATGCCCCAAT,BestGuess:HAP2/Literature(Harbison)/Yeast(0.664)	9.099065	-39.808426	0	T:14.0(7.87%),B:0.7(0.14%),P:1e-17
0.997	0.001	0.001	0.001
0.001	0.001	0.001	0.997
0.001	0.001	0.997	0.001
0.001	0.997	0.001	0.001
0.001	0.649	0.001	0.349
0.001	0.997	0.001	0.001
0.349	0.649	0.001	0.001
0.892	0.001	0.001	0.106
0.913	0.043	0.001	0.043
0.001	0.001	0.001	0.997
>TCTCCGCTTT	6-TCTCCGCTTT,BestGuess:PDR8/MA0354.1/Jaspar(0.743)	10.310779	-39.808426	0	T:14.0(7.87%),B:0.7(0.14%),P:1e-17
0.001	0.001	0.001	0.997
0.077	0.921	0.001	0.001
0.001	0.001	0.001	0.997
0.001	0.872	0.001	0.126
0.001	0.872	0.126	0.001
0.001	0.127	0.745	0.127
0.126	0.872	0.001	0.001
0.001	0.126	0.001	0.872
0.001	0.001	0.126	0.872
0.001	0.001	0.001	0.997
>TGANGTMACT	7-TGANGTMACT,BestGuess:CST6/MA0286.1/Jaspar(0.780)	9.126080	-36.655452	0	T:16.0(8.99%),B:2.9(0.62%),P:1e-15
0.001	0.001	0.029	0.969
0.029	0.001	0.969	0.001
0.997	0.001	0.001	0.001
0.353	0.235	0.206	0.206
0.001	0.001	0.997	0.001
0.001	0.001	0.001	0.997
0.440	0.558	0.001	0.001
0.997	0.001	0.001	0.001
0.205	0.793	0.001	0.001
0.001	0.234	0.001	0.764
>AGGGCAGGGC	8-AGGGCAGGGC,BestGuess:SKN7/SKN7_H2O2Lo/[](Harbison)/Yeast(0.658)	7.509713	-36.655452	0	T:16.0(8.99%),B:3.0(0.62%),P:1e-15
0.997	0.001	0.001	0.001
0.232	0.001	0.766	0.001
0.001	0.101	0.897	0.001
0.001	0.203	0.695	0.101
0.001	0.884	0.001	0.114
0.997	0.001	0.001	0.001
0.001	0.001	0.897	0.101
0.001	0.001	0.766	0.232
0.001	0.202	0.796	0.001
0.030	0.665	0.102	0.203
>GCCATCTCCAAA	5-GCCATCTCCAAA,BestGuess:HAP2/MA0313.1/Jaspar(0.583)	9.474196	-36.110170	0	T:13.0(7.30%),B:1.4(0.30%),P:1e-15
0.001	0.001	0.855	0.143
0.144	0.534	0.144	0.178
0.001	0.927	0.001	0.071
0.927	0.071	0.001	0.001
0.001	0.001	0.001	0.997
0.072	0.551	0.160	0.217
0.144	0.001	0.350	0.505
0.159	0.768	0.001	0.072
0.144	0.605	0.001	0.250
0.997	0.001	0.001	0.001
0.927	0.071	0.001	0.001
0.711	0.072	0.001	0.216
>AGCGGAATAG	9-AGCGGAATAG,BestGuess:RDR1/MA0360.1/Jaspar(0.677)	9.103807	-32.491780	0	T:12.0(6.74%),B:1.7(0.35%),P:1e-14
0.997	0.001	0.001	0.001
0.001	0.001	0.997	0.001
0.132	0.866	0.001	0.001
0.001	0.001	0.997	0.001
0.001	0.332	0.666	0.001
0.866	0.001	0.001	0.132
0.866	0.001	0.001	0.132
0.001	0.001	0.001	0.997
0.997	0.001	0.001	0.001
0.132	0.001	0.866	0.001
>CCGTTGAATG	10-CCGTTGAATG,BestGuess:SIP4(MacIsaac)/Yeast(0.646)	8.265942	-32.491780	0	T:12.0(6.74%),B:1.7(0.35%),P:1e-14
0.043	0.875	0.039	0.043
0.154	0.764	0.001	0.081
0.116	0.116	0.725	0.043
0.038	0.001	0.116	0.845
0.001	0.038	0.077	0.884
0.155	0.081	0.725	0.039
0.845	0.077	0.039	0.039
0.807	0.077	0.039	0.077
0.001	0.042	0.116	0.841
0.001	0.120	0.725	0.154
>TADGTSTAAGAC	6-TADGTSTAAGAC,BestGuess:STB5(MacIsaac)/Yeast(0.546)	10.111319	-32.491780	0	T:12.0(6.74%),B:1.5(0.32%),P:1e-14
0.146	0.001	0.001	0.852
0.660	0.001	0.001	0.338
0.240	0.113	0.387	0.260
0.001	0.001	0.886	0.112
0.001	0.001	0.001	0.997
0.113	0.435	0.451	0.001
0.225	0.001	0.001	0.773
0.739	0.001	0.001	0.259
0.997	0.001	0.001	0.001
0.001	0.225	0.773	0.001
0.997	0.001	0.001	0.001
0.112	0.886	0.001	0.001
>TAATCATAATCA	7-TAATCATAATCA,BestGuess:FKH2/MA0297.1/Jaspar(0.539)	10.930101	-32.491780	0	T:12.0(6.74%),B:1.8(0.38%),P:1e-14
0.001	0.001	0.001	0.997
0.872	0.126	0.001	0.001
0.847	0.001	0.001	0.151
0.001	0.126	0.001	0.872
0.001	0.850	0.127	0.022
0.872	0.126	0.001	0.001
0.302	0.001	0.127	0.570
0.722	0.001	0.276	0.001
0.872	0.126	0.001	0.001
0.001	0.001	0.126	0.872
0.023	0.700	0.127	0.150
0.997	0.001	0.001	0.001
>TDCCTCCCAATA	8-TDCCTCCCAATA,BestGuess:HAP2/Literature(Harbison)/Yeast(0.640)	9.241589	-32.491780	0	T:12.0(6.74%),B:1.5(0.32%),P:1e-14
0.001	0.112	0.001	0.886
0.226	0.147	0.353	0.274
0.001	0.773	0.113	0.113
0.001	0.997	0.001	0.001
0.001	0.001	0.112	0.886
0.001	0.886	0.112	0.001
0.112	0.886	0.001	0.001
0.033	0.965	0.001	0.001
0.997	0.001	0.001	0.001
0.627	0.113	0.034	0.226
0.113	0.226	0.001	0.660
0.647	0.113	0.113	0.127
>MTCAGTCGTCTA	9-MTCAGTCGTCTA,BestGuess:YOX1/Literature(Harbison)/Yeast(0.601)	9.543723	-32.491780	0	T:12.0(6.74%),B:1.2(0.26%),P:1e-14
0.338	0.411	0.001	0.249
0.001	0.008	0.001	0.990
0.226	0.547	0.001	0.226
0.866	0.001	0.001	0.132
0.001	0.152	0.602	0.245
0.001	0.001	0.001	0.997
0.226	0.547	0.226	0.001
0.001	0.113	0.744	0.142
0.001	0.001	0.132	0.866
0.136	0.730	0.001	0.133
0.112	0.001	0.001	0.886
0.997	0.001	0.001	0.001
>TTGKCCCTTW	11-TTGKCCCTTW,BestGuess:NDD1(MacIsaac)/Yeast(0.780)	8.167191	-30.488982	0	T:16.0(8.99%),B:3.8(0.79%),P:1e-13
0.207	0.001	0.088	0.704
0.088	0.062	0.142	0.708
0.116	0.173	0.529	0.182
0.199	0.191	0.372	0.239
0.061	0.802	0.136	0.001
0.088	0.859	0.001	0.052
0.001	0.814	0.035	0.150
0.053	0.260	0.062	0.625
0.101	0.156	0.106	0.637
0.422	0.018	0.114	0.446
>AWTGWTTTTATT	10-AWTGWTTTTATT,BestGuess:SPT23/SPT23_YPD/[](Harbison)/Yeast(0.661)	11.391776	-30.426169	0	T:14.0(7.87%),B:2.8(0.58%),P:1e-13
0.695	0.001	0.203	0.101
0.339	0.220	0.001	0.440
0.001	0.001	0.001	0.997
0.001	0.001	0.997	0.001
0.524	0.001	0.001	0.474
0.001	0.101	0.001	0.897
0.001	0.001	0.101	0.897
0.001	0.001	0.001	0.997
0.001	0.001	0.001	0.997
0.997	0.001	0.001	0.001
0.219	0.001	0.001	0.779
0.118	0.001	0.101	0.780
>GGTATATAAAGA	11-GGTATATAAAGA,BestGuess:TATA-box/SacCer-Promoters/Homer(0.806)	12.658203	-28.959083	0	T:11.0(6.18%),B:1.6(0.33%),P:1e-12
0.291	0.001	0.493	0.215
0.001	0.001	0.997	0.001
0.001	0.001	0.001	0.997
0.997	0.001	0.001	0.001
0.001	0.001	0.001	0.997
0.997	0.001	0.001	0.001
0.001	0.001	0.001	0.997
0.997	0.001	0.001	0.001
0.853	0.001	0.001	0.145
0.853	0.001	0.145	0.001
0.173	0.001	0.680	0.146
0.707	0.146	0.146	0.001
>GCCACCTCGCGA	12-GCCACCTCGCGA,BestGuess:RPN4/MA0373.1/Jaspar(0.626)	4.983566	-28.959083	0	T:11.0(6.18%),B:1.8(0.37%),P:1e-12
0.001	0.001	0.997	0.001
0.166	0.667	0.166	0.001
0.001	0.832	0.166	0.001
0.997	0.001	0.001	0.001
0.001	0.832	0.166	0.001
0.166	0.832	0.001	0.001
0.001	0.166	0.166	0.667
0.001	0.667	0.166	0.166
0.001	0.001	0.997	0.001
0.001	0.997	0.001	0.001
0.001	0.166	0.832	0.001
0.997	0.001	0.001	0.001
>TATATAATATAC	13-TATATAATATAC,BestGuess:NHP6A/MA0345.1/Jaspar(0.736)	13.354157	-28.959083	0	T:11.0(6.18%),B:1.4(0.30%),P:1e-12
0.001	0.001	0.001	0.997
0.997	0.001	0.001	0.001
0.001	0.001	0.001	0.997
0.997	0.001	0.001	0.001
0.001	0.094	0.001	0.904
0.904	0.001	0.001	0.094
0.809	0.095	0.095	0.001
0.001	0.001	0.001	0.997
0.997	0.001	0.001	0.001
0.095	0.095	0.001	0.809
0.904	0.094	0.001	0.001
0.237	0.761	0.001	0.001
>CCTCACCCCT	14-CCTCACCCCT,BestGuess:MSN4/MA0342.1/Jaspar(0.744)	10.667524	-27.421257	0	T:13.0(7.30%),B:2.7(0.57%),P:1e-11
0.001	0.881	0.001	0.117
0.117	0.881	0.001	0.001
0.001	0.117	0.001	0.881
0.001	0.997	0.001	0.001
0.588	0.294	0.001	0.117
0.001	0.997	0.001	0.001
0.001	0.997	0.001	0.001
0.001	0.881	0.001	0.117
0.001	0.997	0.001	0.001
0.001	0.001	0.117	0.881
>CCTGTTTG	3-CCTGTTTG,BestGuess:MF0005.1_Forkhead_class/Jaspar(0.706)	6.904379	-26.421250	0	T:20.0(11.24%),B:7.5(1.57%),P:1e-11
0.049	0.634	0.316	0.001
0.001	0.997	0.001	0.001
0.001	0.001	0.001	0.997
0.001	0.001	0.997	0.001
0.001	0.001	0.001	0.997
0.001	0.001	0.001	0.997
0.049	0.001	0.001	0.949
0.001	0.001	0.997	0.001
>AGGCGTCGGTGA	14-AGGCGTCGGTGA,BestGuess:RPH1/MA0372.1/Jaspar(0.610)	6.940432	-26.077524	0	T:35.0(19.66%),B:24.8(5.21%),P:1e-11
0.867	0.001	0.001	0.131
0.001	0.001	0.864	0.134
0.001	0.218	0.780	0.001
0.091	0.497	0.274	0.139
0.044	0.088	0.861	0.007
0.044	0.088	0.098	0.770
0.136	0.551	0.091	0.222
0.001	0.003	0.723	0.273
0.193	0.001	0.588	0.218
0.263	0.088	0.044	0.605
0.091	0.010	0.898	0.001
0.687	0.178	0.091	0.044
>CGTCTTTCGC	16-CGTCTTTCGC,BestGuess:SWI4(MacIsaac)/Yeast(0.691)	9.285012	-25.518914	0	T:10.0(5.62%),B:0.0(0.00%),P:1e-11
0.001	0.997	0.001	0.001
0.001	0.124	0.874	0.001
0.001	0.125	0.125	0.749
0.001	0.997	0.001	0.001
0.001	0.001	0.001	0.997
0.001	0.001	0.001	0.997
0.001	0.001	0.001	0.997
0.001	0.874	0.001	0.124
0.125	0.125	0.749	0.001
0.001	0.874	0.001	0.124
>GCTGTWCA	6-GCTGTWCA,BestGuess:POL010.1_DCE_S_III/Jaspar(0.646)	8.823757	-25.256207	0	T:17.0(9.55%),B:5.9(1.23%),P:1e-10
0.001	0.001	0.997	0.001
0.001	0.742	0.001	0.256
0.001	0.001	0.001	0.997
0.001	0.001	0.997	0.001
0.256	0.001	0.001	0.742
0.554	0.001	0.001	0.444
0.001	0.997	0.001	0.001
0.997	0.001	0.001	0.001
>CAGACCATCCTT	19-CAGACCATCCTT,BestGuess:SD0003.1_at_AC_acceptor/Jaspar(0.566)	9.178647	-24.495909	0	T:12.0(6.74%),B:2.8(0.59%),P:1e-10
0.366	0.632	0.001	0.001
0.798	0.001	0.067	0.134
0.150	0.067	0.716	0.067
0.834	0.001	0.164	0.001
0.082	0.648	0.135	0.135
0.134	0.639	0.001	0.226
0.642	0.067	0.082	0.209
0.001	0.134	0.001	0.864
0.001	0.865	0.067	0.067
0.135	0.731	0.067	0.067
0.001	0.001	0.001	0.997
0.001	0.066	0.001	0.932
>BCWCCASYACGY	20-BCWCCASYACGY,BestGuess:FHL1/FHL1_YPD/47-RAP1(Harbison)/Yeast(0.636)	7.516067	-24.495909	0	T:12.0(6.74%),B:3.0(0.63%),P:1e-10
0.017	0.390	0.245	0.348
0.210	0.788	0.001	0.001
0.514	0.017	0.017	0.452
0.001	0.561	0.176	0.262
0.333	0.649	0.001	0.017
0.510	0.296	0.017	0.177
0.125	0.263	0.384	0.229
0.193	0.424	0.017	0.366
0.705	0.261	0.017	0.017
0.386	0.596	0.017	0.001
0.247	0.001	0.525	0.227
0.001	0.438	0.158	0.403
>TGGGCTAAGA	17-TGGGCTAAGA,BestGuess:MAC1(MacIsaac)/Yeast(0.690)	8.187291	-22.958413	0	T:16.0(8.99%),B:5.5(1.16%),P:1e-9
0.079	0.003	0.001	0.917
0.043	0.122	0.658	0.177
0.079	0.201	0.641	0.079
0.039	0.043	0.879	0.039
0.083	0.839	0.039	0.039
0.083	0.217	0.039	0.661
0.802	0.001	0.079	0.118
0.921	0.039	0.039	0.001
0.079	0.043	0.760	0.118
0.959	0.001	0.039	0.001
>ACACGTTC	7-ACACGTTC,BestGuess:HAC1/MA0310.1/Jaspar(0.776)	8.800099	-22.472262	0	T:13.0(7.30%),B:3.8(0.79%),P:1e-9
0.997	0.001	0.001	0.001
0.001	0.997	0.001	0.001
0.649	0.349	0.001	0.001
0.244	0.754	0.001	0.001
0.001	0.001	0.997	0.001
0.001	0.001	0.001	0.997
0.001	0.001	0.001	0.997
0.349	0.649	0.001	0.001
>CCGAGCGGGG	20-CCGAGCGGGG,BestGuess:TDA9/MA0431.1/Jaspar(0.799)	7.145772	-22.179399	0	T:9.0(5.06%),B:1.4(0.30%),P:1e-9
0.099	0.660	0.113	0.128
0.106	0.682	0.078	0.134
0.128	0.057	0.722	0.093
0.640	0.106	0.127	0.127
0.099	0.056	0.774	0.071
0.149	0.595	0.107	0.149
0.127	0.064	0.766	0.043
0.113	0.078	0.753	0.056
0.127	0.120	0.626	0.127
0.064	0.085	0.788	0.063
>ACCAGCTACA	21-ACCAGCTACA,BestGuess:ACE2/ACE2_YPD/2-SWI5(Harbison)/Yeast(0.687)	8.314925	-21.655875	0	T:11.0(6.18%),B:2.4(0.51%),P:1e-9
0.773	0.032	0.065	0.130
0.130	0.639	0.101	0.130
0.069	0.801	0.065	0.065
0.967	0.001	0.001	0.031
0.134	0.065	0.736	0.065
0.065	0.773	0.065	0.097
0.069	0.065	0.032	0.834
0.837	0.001	0.097	0.065
0.130	0.769	0.032	0.069
0.900	0.036	0.032	0.032
>CTCCCCAGCT	22-CTCCCCAGCT,BestGuess:MET4/MA0335.1/Jaspar(0.671)	8.752912	-21.655875	0	T:11.0(6.18%),B:3.0(0.62%),P:1e-9
0.001	0.872	0.001	0.126
0.001	0.018	0.127	0.854
0.154	0.827	0.001	0.018
0.001	0.696	0.302	0.001
0.129	0.616	0.001	0.254
0.018	0.980	0.001	0.001
0.997	0.001	0.001	0.001
0.254	0.001	0.744	0.001
0.146	0.726	0.127	0.001
0.254	0.001	0.018	0.727
>TGATCTGG	9-TGATCTGG,BestGuess:ECM23/MA0293.1/Jaspar(0.704)	7.283299	-19.429313	0	T:23.0(12.92%),B:14.4(3.03%),P:1e-8
0.001	0.001	0.001	0.997
0.089	0.089	0.821	0.001
0.927	0.036	0.036	0.001
0.098	0.001	0.001	0.900
0.001	0.997	0.001	0.001
0.001	0.036	0.036	0.927
0.089	0.001	0.909	0.001
0.001	0.001	0.997	0.001
>GACGAGCCAA	23-GACGAGCCAA,BestGuess:MAC1/Literature(Harbison)/Yeast(0.677)	8.350283	-18.907883	0	T:10.0(5.62%),B:2.7(0.57%),P:1e-8
0.100	0.100	0.700	0.100
0.700	0.100	0.100	0.100
0.100	0.700	0.100	0.100
0.100	0.100	0.700	0.100
0.700	0.100	0.100	0.100
0.100	0.100	0.700	0.100
0.100	0.700	0.100	0.100
0.100	0.700	0.100	0.100
0.700	0.100	0.100	0.100
0.700	0.100	0.100	0.100
>CGTTAATCTC	24-CGTTAATCTC,BestGuess:PHO2(MacIsaac)/Yeast(0.643)	8.350283	-18.907883	0	T:10.0(5.62%),B:2.6(0.54%),P:1e-8
0.100	0.700	0.100	0.100
0.100	0.100	0.700	0.100
0.100	0.100	0.100	0.700
0.100	0.100	0.100	0.700
0.700	0.100	0.100	0.100
0.700	0.100	0.100	0.100
0.100	0.100	0.100	0.700
0.100	0.700	0.100	0.100
0.100	0.100	0.100	0.700
0.100	0.700	0.100	0.100
>GAAGGAAAAGGG	22-GAAGGAAAAGGG,BestGuess:UME1/UME1_YPD/[](Harbison)/Yeast(0.664)	10.409522	-16.259911	0	T:9.0(5.06%),B:2.0(0.42%),P:1e-7
0.100	0.100	0.700	0.100
0.700	0.100	0.100	0.100
0.700	0.100	0.100	0.100
0.100	0.100	0.700	0.100
0.100	0.100	0.700	0.100
0.700	0.100	0.100	0.100
0.700	0.100	0.100	0.100
0.700	0.100	0.100	0.100
0.700	0.100	0.100	0.100
0.100	0.100	0.700	0.100
0.100	0.100	0.700	0.100
0.100	0.100	0.700	0.100
>CCAAGTTT	13-CCAAGTTT,BestGuess:HAP2/MA0313.1/Jaspar(0.725)	9.636834	-14.427528	0	T:13.0(7.30%),B:6.8(1.42%),P:1e-6
0.001	0.997	0.001	0.001
0.001	0.997	0.001	0.001
0.997	0.001	0.001	0.001
0.997	0.001	0.001	0.001
0.001	0.001	0.744	0.254
0.001	0.001	0.001	0.997
0.061	0.001	0.001	0.937
0.001	0.001	0.001	0.997
>ACTTATCA	14-ACTTATCA,BestGuess:GAT1/MA0300.1/Jaspar(0.871)	8.236954	-13.721559	0	T:8.0(4.49%),B:2.6(0.54%),P:1e-5
0.700	0.100	0.100	0.100
0.100	0.700	0.100	0.100
0.100	0.100	0.100	0.700
0.100	0.100	0.100	0.700
0.700	0.100	0.100	0.100
0.100	0.100	0.100	0.700
0.100	0.700	0.100	0.100
0.700	0.100	0.100	0.100
>CTGGCAAT	15-CTGGCAAT,BestGuess:SOK2(MacIsaac)/Yeast(0.678)	8.568286	-13.721559	0	T:8.0(4.49%),B:2.6(0.55%),P:1e-5
0.001	0.997	0.001	0.001
0.001	0.001	0.001	0.997
0.001	0.082	0.916	0.001
0.001	0.001	0.997	0.001
0.001	0.997	0.001	0.001
0.997	0.001	0.001	0.001
0.997	0.001	0.001	0.001
0.001	0.001	0.001	0.997
>GGGGATCA	16-GGGGATCA,BestGuess:MSN2/MA0341.1/Jaspar(0.690)	8.568286	-13.721559	0	T:8.0(4.49%),B:2.7(0.56%),P:1e-5
0.001	0.001	0.997	0.001
0.001	0.001	0.997	0.001
0.001	0.001	0.997	0.001
0.001	0.001	0.997	0.001
0.997	0.001	0.001	0.001
0.001	0.082	0.001	0.916
0.001	0.997	0.001	0.001
0.997	0.001	0.001	0.001
>CAATACTC	17-CAATACTC,BestGuess:HAP2/Literature(Harbison)/Yeast(0.623)	8.568286	-13.721559	0	T:8.0(4.49%),B:2.8(0.59%),P:1e-5
0.001	0.997	0.001	0.001
0.916	0.001	0.082	0.001
0.997	0.001	0.001	0.001
0.001	0.001	0.001	0.997
0.997	0.001	0.001	0.001
0.001	0.997	0.001	0.001
0.001	0.001	0.001	0.997
0.001	0.997	0.001	0.001
>TTTTTGTTTGGC	23-TTTTTGTTTGGC,BestGuess:HAP4/HAP4_YPD/1-GZF3,11-HAP4(Harbison)/Yeast(0.620)	10.409522	-12.929019	0	T:9.0(5.06%),B:3.9(0.81%),P:1e-5
0.100	0.100	0.100	0.700
0.100	0.100	0.100	0.700
0.100	0.100	0.100	0.700
0.100	0.100	0.100	0.700
0.100	0.100	0.100	0.700
0.100	0.100	0.700	0.100
0.100	0.100	0.100	0.700
0.100	0.100	0.100	0.700
0.100	0.100	0.100	0.700
0.100	0.100	0.700	0.100
0.100	0.100	0.700	0.100
0.100	0.700	0.100	0.100
>AAGAAACGAATT	24-AAGAAACGAATT,BestGuess:UME1/UME1_YPD/[](Harbison)/Yeast(0.653)	10.409522	-11.304590	0	T:7.0(3.93%),B:2.4(0.50%),P:1e-4
0.700	0.100	0.100	0.100
0.700	0.100	0.100	0.100
0.100	0.100	0.700	0.100
0.700	0.100	0.100	0.100
0.700	0.100	0.100	0.100
0.700	0.100	0.100	0.100
0.100	0.700	0.100	0.100
0.100	0.100	0.700	0.100
0.700	0.100	0.100	0.100
0.700	0.100	0.100	0.100
0.100	0.100	0.100	0.700
0.100	0.100	0.100	0.700
>AGATAATG	22-AGATAATG,BestGuess:DAL80/Literature(Harbison)/Yeast(0.791)	8.236954	-11.304590	0	T:7.0(3.93%),B:2.9(0.62%),P:1e-4
0.700	0.100	0.100	0.100
0.100	0.100	0.700	0.100
0.700	0.100	0.100	0.100
0.100	0.100	0.100	0.700
0.700	0.100	0.100	0.100
0.700	0.100	0.100	0.100
0.100	0.100	0.100	0.700
0.100	0.100	0.700	0.100
>CCCGACTCCCTC	25-CCCGACTCCCTC,BestGuess:ADR1/Literature(Harbison)/Yeast(0.610)	9.820898	-10.657562	0	T:9.0(5.06%),B:4.4(0.91%),P:1e-4
0.001	0.874	0.001	0.124
0.001	0.749	0.001	0.249
0.124	0.874	0.001	0.001
0.001	0.001	0.874	0.124
0.874	0.001	0.124	0.001
0.124	0.874	0.001	0.001
0.125	0.125	0.001	0.749
0.001	0.997	0.001	0.001
0.001	0.997	0.001	0.001
0.124	0.874	0.001	0.001
0.125	0.001	0.125	0.749
0.001	0.749	0.125	0.125
